-0.4379 -54.8518
-0.0388 -54.6772
0.4432 -54.4512
0.9645 -54.8322
1.6948 -54.3990
2.3598 -54.0374
3.0254 -53.6507
3.3689 -53.8341
3.9564 -54.1267
4.4146 -54.4303
4.8266 -54.1616
5.0837 -54.3093
5.4947 -54.5429
6.1837 -54.1145
6.6254 -53.8142
7.2373 -54.1012
7.7724 -54.3960
7.7724 -54.3960
8.2883 -54.0326
8.7988 -53.6680
9.4287 -53.2326
9.9931 -52.7923
10.5424 -53.0655
10.9748 -53.3320
11.7084 -52.7829
12.2989 -52.3750
12.8951 -51.9629
13.2042 -52.1410
13.7876 -52.4769
14.4633 -51.9971
15.1124 -52.3075
15.4280 -52.0836
15.8223 -51.7870
16.9072 -52.1693
17.8063 -52.4669
18.5374 -52.7343
18.7125 -52.5529
19.9938 -52.8167
21.2504 -52.9088
22.5042 -53.0512
23.0753 -53.0977
23.0214 -53.2004
23.8862 -53.3086
24.6851 -53.4215
24.8726 -53.3453
24.8726 -53.3453
25.1797 -53.4441
25.6475 -53.4100
25.8614 -53.4799
25.9869 -53.5818
26.1809 -53.4288
26.3382 -53.0650
26.5129 -52.6201
26.7131 -52.3780
27.3221 -52.5472
27.3704 -52.6730
27.4795 -52.7708
28.1108 -52.9037
28.3122 -52.5400
28.4027 -52.2771
28.6054 -51.7716
28.9688 -51.1373
29.3431 -50.5070
29.7115 -49.9335
30.0060 -49.6108
30.3617 -49.2155
30.7046 -49.0106
31.0081 -48.5871
31.3065 -48.1627
31.5885 -47.6822
31.8654 -47.2011
32.1258 -46.9998
32.1252 -46.9975
32.6626 -46.1911
33.1706 -45.3818
33.6775 -44.5607
34.1568 -43.7467
34.6360 -42.9307
35.0898 -42.1032
35.0898 -42.1032
35.5280 -41.2537
35.9550 -40.4026
36.3713 -39.5500
36.7774 -38.6959
37.1740 -37.8404
37.5615 -36.9837
36.7208 -36.4328
35.8920 -35.8761
35.0748 -35.3138
34.2689 -34.7461
33.4741 -34.1731
32.6901 -33.5951
31.9165 -33.0122
31.1532 -32.4246
30.3997 -31.8325
29.6559 -31.2360
28.9215 -30.6352
28.3409 -29.8486
28.3409 -29.8486
28.0540 -29.4544
27.7693 -29.0596
27.1792 -28.6245
26.5940 -28.1868
26.5952 -27.4774
26.5964 -26.7680
27.2526 -26.4737
27.9054 -26.1765
27.8002 -25.7335
27.6957 -25.2905
27.5920 -24.8474
27.4890 -24.4042
27.9441 -23.9278
28.3958 -23.4501
28.8442 -22.9711
29.2895 -22.4908
29.7704 -22.3523
30.2503 -22.2124
30.7293 -22.0710
31.2073 -21.9283
31.6844 -21.7842
32.1605 -21.6388
32.6356 -21.4920
33.1098 -21.3438
33.1963 -20.5122
33.2818 -19.6806
33.6131 -19.3503
33.9430 -19.0194
34.2716 -18.6879
34.5989 -18.3559
35.2001 -17.9755
35.1995 -17.4044
35.1989 -16.8333
34.9008 -16.3337
34.6043 -15.8337
34.7288 -15.1914
34.8525 -14.5491
34.4608 -13.8586
34.0714 -13.1674
34.1717 -12.4064
34.4411 -11.7170
34.7091 -11.0274
34.0806 -10.4552
33.8175 -9.5980
33.5557 -8.7406
33.0990 -8.6435
32.6426 -8.5458
32.1166 -8.1622
31.5917 -7.7779
31.0420 -7.6308
30.4927 -7.4830
30.0455 -6.7912
29.5996 -6.0989
29.6040 -5.6251
29.6085 -5.1513
29.2804 -4.5569
28.9529 -3.9623
28.9103 -3.1339
28.8677 -2.3055
29.1299 -1.8093
29.3920 -1.3131
29.6297 -0.6263
29.8673 0.0604
30.2459 0.7485
30.6247 1.4366
31.1221 1.9601
31.6199 2.4834
31.0492 2.6479
30.4783 2.8121
30.4748 3.5237
30.4713 4.2353
31.2793 4.4771
31.7527 5.0973
32.2271 5.7171
32.7355 5.6301
33.2437 5.5426
33.7517 5.4546
34.2596 5.3663
34.7673 5.2775
35.2749 5.1883
35.7824 5.0987
36.2897 5.0087
36.6014 5.4836
36.9136 5.9584
37.5829 5.9557
37.8487 6.4771
38.1150 6.9985
38.4775 7.4470
38.8408 7.8953
39.1565 8.2957
39.4729 8.6958
39.7898 9.0712
40.1074 9.4464
40.4494 9.7965
40.7921 10.1462
41.1166 10.7317
41.4423 11.3169
42.0332 11.5772
42.0332 11.5772
41.6487 12.1890
41.2055 11.8107
40.8568 12.2055
40.5071 12.5998
40.0912 13.2094
40.6140 13.7417
40.2750 14.3005
40.0263 14.7192
39.7767 15.1377
39.6707 15.7716
40.1716 16.3040
40.2512 16.7851
40.3313 17.2662
39.9867 17.9494
39.5899 18.4193
39.2978 19.0298
39.2978 19.0298
38.8261 19.4475
38.3957 19.9075
38.0745 20.3891
37.9747 21.0213
37.8253 21.8434
37.5398 22.4945
37.0425 23.2259
36.5711 23.6392
36.4073 24.1327
36.2422 24.6260
36.0661 25.0553
35.8888 25.4844
35.5456 25.9191
35.1999 26.3530
34.8748 26.8078
34.5470 27.2619
34.2569 27.8853
34.4280 28.4143
34.6009 28.9431
34.7755 29.4717
34.9519 30.0000
34.9519 30.0000
35.1417 30.7025
35.3089 31.3833
35.4701 32.0035
35.5713 32.7553
35.6483 33.2325
35.7262 33.7097
36.0242 34.0961
36.3249 34.4818
36.3960 35.2854
36.4315 35.7522
36.4134 36.0232
36.4134 36.0232
35.7912 35.6890
35.3621 35.4051
34.9001 35.0910
34.4998 34.7855
34.0542 34.5045
33.7354 34.3017
33.1007 34.2903
32.6678 34.3899
32.1719 34.4871
31.7399 34.6341
31.2560 34.8260
30.7929 34.9908
30.2208 35.1543
29.7309 35.4273
29.7309 35.4273
29.3451 35.4249
29.0702 35.3780
28.7789 35.3116
28.4780 35.1272
28.0502 34.8702
27.6845 34.7060
27.2265 34.3347
26.4653 34.1983
25.5767 34.2487
24.5928 34.3397
23.8739 34.6283
23.3986 34.9900
22.8662 35.4367
22.3752 35.7424
21.8932 35.9334
21.5988 36.2159
21.3266 36.6289
20.7603 37.0983
20.3001 37.8039
20.3001 37.8039
20.0000 37.9075
20.0000 37.9075
19.5844 38.2716
18.8950 38.6942
18.3644 38.9474
17.9599 39.1696
17.9599 39.1696
18.0621 39.0063
18.0857 38.7941
18.0307 38.5162
17.8447 38.4615
17.7731 38.2855
17.6117 37.9929
17.4195 37.7008
17.1676 37.5026
16.8237 37.3985
16.2365 37.3088
15.8319 37.2743
15.3751 37.3401
15.3751 37.3401
15.3444 37.6152
15.4207 37.8857
15.5511 38.1136
15.6387 38.2993
15.4993 38.4014
15.1752 38.2924
14.5145 38.7653
14.5145 38.7653
14.1139 38.6953
13.8115 38.6250
13.3137 38.6105
12.7076 38.6004
12.4335 38.8487
12.0574 38.8781
11.7777 38.9344
11.6589 39.0327
11.3626 39.0748
11.1176 39.0672
10.8274 38.9939
10.6091 38.8209
10.3732 38.6850
10.3732 38.6850
10.0893 38.5717
9.7002 38.4698
9.2638 38.3410
8.9421 38.2117
8.6270 37.7896
8.2652 37.4675
7.8046 37.3582
7.2152 37.3203
6.7840 37.3219
6.7840 37.3219
5.9738 37.1540
5.1420 37.0821
4.2965 36.9695
3.4536 36.8509
2.3799 36.5942
1.9702 36.5026
1.2447 36.2823
0.6670 36.0723
0.0030 35.9040
-0.7478 35.7757
-1.5162 35.7709
-1.9917 35.8985
-2.5729 36.1053
-2.8933 36.0184
-3.2959 35.8577
-3.7494 35.5962
-3.7819 35.0136
-4.0564 34.1993
-4.7056 34.0681
-5.0723 34.0783
-5.3966 33.9850
-5.8080 34.0191
-6.0002 34.2634
-6.0397 34.5174
-6.0637 34.7839
-6.7303 35.0633
-7.1926 35.2729
-8.0312 35.6675
-8.7845 36.0509
-9.5452 36.4296
-9.9769 36.6514
-10.4287 36.3916
-10.9233 36.0984
-11.5854 35.8512
-12.1424 36.3276
-12.9035 36.8638
-13.6754 37.3950
-14.4109 37.2101
-15.1427 37.0206
-15.3865 37.2117
-15.8415 37.2966
-16.7420 37.4354
-17.5843 37.5034
-18.1244 37.4657
-18.6180 37.3070
-19.6823 37.0251
-20.2403 36.9543
-20.7973 36.8809
-21.5072 36.8197
-22.2160 36.7543
-22.8933 36.7020
-23.5697 36.6459
-24.0456 36.7548
-24.1461 36.7885
-24.2554 36.7810
-24.3111 36.7925
-24.3846 36.8633
-24.4337 36.9105
-24.5002 36.9707
-24.5541 37.0172
-24.6345 37.0946
-24.6805 37.1267
-24.7495 37.2174
-24.7379 37.2733
-24.7022 37.3519
-24.6669 37.4110
-24.7332 37.4673
-24.7748 37.5001
-24.8164 37.5328
-24.8451 37.5519
-24.8915 37.5839
-24.9315 37.6091
-24.9835 37.6441
-25.1013 37.6463
-25.2671 37.7692
-25.3547 37.6633
-25.4265 37.7185
-25.4638 37.7517
-25.5384 37.8181
-25.6332 37.7225
-25.6984 37.7902
-25.7341 37.8159
-25.8081 37.8783
-25.9162 37.8386
-26.0432 37.9355
-26.0752 37.9655
-26.1714 38.0360
-26.3021 38.0468
-26.3787 38.1164
-26.4166 38.1493
-26.4943 38.2225
-26.5323 38.2554
-26.6141 38.3240
-26.6474 38.3576
-26.7180 38.4202
-26.8299 38.2782
-26.9006 38.3601
-26.9408 38.4003
-27.0068 38.4635
-27.0289 38.4911
-27.0895 38.5706
-27.1290 38.6070
-27.1743 38.6658
-27.2033 38.6999
-27.2394 38.7796
-27.4844 38.7824
-27.5588 38.8363
-27.6061 38.8635
-27.6797 38.9136
-27.7223 38.9416
-27.7933 38.9998
-27.9546 39.0041
-28.0588 38.9827
-28.1199 38.9685
-28.2155 38.9524
-28.2919 38.9394
-28.3421 38.9931
-28.3649 39.0204
-28.3955 39.0580
-28.4204 39.0927
-28.4522 39.1339
-28.4836 39.1558
-28.5665 39.1299
-28.6192 39.1208
-28.6660 39.1790
-28.6863 39.2144
-28.7454 39.2626
-28.7812 39.2993
-28.8529 39.3725
-28.8946 39.4120
-28.9505 39.3789
-28.9819 39.3656
-29.0495 39.3382
-29.0904 39.3232
-29.1472 39.2937
-29.1881 39.2786
-29.2603 39.2502
-29.2971 39.2554
-29.3350 39.3150
-29.7698 39.3996
-29.7698 39.3996
-29.9091 39.3871
-30.1714 38.8880
-30.4301 38.3883
-30.6055 38.4025
-31.0706 37.6802
-31.3713 37.7049
-31.5164 37.2823
-32.2826 37.3915
-32.3946 37.1369
-32.6456 37.1763
-32.7077 37.0333
-32.9431 37.0654
-33.0049 36.9159
-33.2246 36.9408
-33.3135 36.6910
-33.5947 36.7422
-33.7717 36.1850
-33.9816 36.2212
-34.0568 36.0713
-34.1424 36.0794
-34.3354 35.6160
-34.4595 35.6246
-34.7464 35.0102
-35.5584 35.1477
-36.3731 35.2798
-36.6231 34.6929
-36.7846 34.7122
-36.8618 34.5542
-37.0461 34.5669
-37.2446 34.1238
-37.3364 34.1362
-37.5328 33.7052
-37.6776 33.7362
-37.7975 33.5012
-38.5972 33.6370
-39.3993 33.7676
-39.5860 33.0673
-39.6999 33.0841
-40.1293 32.4440
-40.5526 31.8025
-40.7100 31.8173
-41.1836 31.1941
-41.4304 31.2370
-41.7857 30.6056
-42.1364 29.9733
-42.7286 30.0697
-43.0373 29.4714
-43.0882 29.4691
-43.4828 28.8021
-43.5632 28.8108
-43.9423 28.1049
-44.0217 28.1069
-44.2031 27.6713
-44.3831 27.2355
-44.5059 27.2538
-44.6870 26.7668
-44.8666 26.2796
-44.8163 26.2700
-44.8989 26.0554
-45.0917 26.0814
-45.2960 25.6367
-45.4988 25.1918
-45.7915 25.2542
-46.1188 24.5904
-46.1961 24.5974
-46.4758 23.9174
-45.6993 23.7836
-44.9245 23.6459
-45.0239 22.9632
-45.0658 22.9731
-45.1574 22.3898
-45.2483 21.8064
-45.3853 21.8223
-45.5152 21.2465
-45.4187 21.2217
-45.5570 20.5958
-45.7737 20.6180
-45.9398 19.8022
-46.0015 19.8227
-46.0932 19.3773
-46.1844 18.9319
-46.2243 18.9351
-46.3182 18.4215
-46.3907 18.4220
-46.5202 17.5883
-46.4072 17.5663
-46.4982 17.0865
-46.5887 16.6067
-46.5287 16.5868
-46.6476 16.0187
-46.7658 15.4506
-46.7658 15.4506
-45.9475 15.3604
-45.1300 15.2673
-45.1362 14.6467
-45.1423 14.0261
-45.0614 13.9917
-45.0493 13.3358
-45.0373 12.6799
-44.2620 12.6256
-44.2775 12.1008
-43.8845 12.0854
-43.9026 11.5062
-43.9206 10.9270
-43.4482 10.9055
-42.9758 10.8832
-42.5035 10.8602
-42.0313 10.8365
-41.5592 10.8121
-41.0871 10.7869
-41.0829 9.9794
-40.8615 9.9727
-40.8648 9.3894
-40.6402 9.3728
-40.6522 8.8406
-40.1196 8.8153
-40.1408 8.2154
-39.6608 8.1973
-39.1808 8.1786
-38.7009 8.1593
-38.2210 8.1395
-38.2065 7.7033
-37.5356 7.6794
-36.8648 7.6543
-36.8514 7.4009
-36.0577 7.3634
-36.0469 7.0232
-35.3665 6.9349
-35.3629 6.6139
-34.4937 6.6158
-33.6244 6.6176
-33.6203 6.1042
-33.5136 6.0762
-33.5068 5.6495
-32.9780 5.6472
-32.9198 4.8038
-32.8617 3.9604
-32.3870 3.9859
-31.9122 4.0111
-31.4374 4.0361
-30.9625 4.0608
-30.8868 3.2548
-30.8113 2.4487
-30.7358 1.6427
-30.0269 1.6071
-29.9203 0.7974
-29.2096 0.8489
-28.3465 0.9530
-27.8309 1.0075
-27.3153 1.0618
-26.4740 1.1592
-26.2887 0.4981
-25.6591 0.5562
-25.0294 0.6141
-24.8206 -0.2446
-24.6117 -1.1033
-24.0507 -1.0339
-23.4897 -0.9643
-22.9355 -0.8804
-22.3813 -0.7964
-21.5437 -0.6802
-21.0168 -0.5885
-20.4899 -0.4967
-19.6747 -0.3334
-18.8497 -0.1761
-18.3693 -0.0728
-17.8889 0.0306
-17.3229 0.1496
-16.7569 0.2686
-16.4982 0.2989
-16.2522 -0.5562
-16.0372 -0.5196
-15.8406 -1.1432
-15.5652 -1.0732
-15.4103 -1.4934
-14.6594 -1.3009
-13.9087 -1.1082
-13.1580 -0.9153
-12.9298 -1.5072
-12.7014 -2.0991
-12.1641 -1.9454
-11.9989 -2.4003
-11.8336 -2.8550
-12.0293 -3.0135
-11.8975 -3.4927
-11.7655 -3.9720
-12.0968 -4.1030
-12.0386 -4.5874
-12.1445 -4.6088
-12.0185 -5.0256
-11.6044 -4.9423
-11.5161 -5.4150
-11.1669 -5.3771
-11.0222 -5.9302
-11.2671 -6.0202
-11.1805 -6.7554
-11.9933 -6.9608
-12.8068 -7.1648
-13.6210 -7.3674
-13.4894 -7.8891
-13.3574 -8.4107
-13.1911 -8.3740
-13.0230 -9.2252
-13.2482 -9.2765
-13.1663 -9.7944
-13.3151 -9.8247
-13.1736 -10.6231
-13.0313 -11.4215
-13.5243 -11.5387
-14.0177 -11.6551
-14.5115 -11.7706
-15.0058 -11.8853
-14.9077 -12.3390
-14.8611 -12.3196
-14.7910 -12.6562
-14.5501 -12.5770
-14.4102 -13.2181
-14.5996 -13.2655
-14.5391 -13.7366
-14.4784 -14.2077
-13.6428 -14.0355
-13.4352 -14.8494
-13.2261 -15.6632
-13.3835 -15.6882
-13.2386 -16.2117
-13.7702 -16.3229
-14.3024 -16.4327
-14.2381 -16.7645
-14.3688 -16.7770
-14.2242 -17.3859
-14.0786 -17.9946
-13.5189 -17.8930
-12.9598 -17.7898
-12.8598 -18.2872
-12.7593 -18.7845
-12.4772 -18.7465
-12.3703 -19.3409
-12.2626 -19.9353
-11.9446 -19.8248
-11.8522 -20.2784
-11.9708 -20.2991
-11.7632 -21.1759
-12.0066 -21.2091
-11.8495 -21.7351
-11.9359 -21.7522
-11.8192 -22.1534
-12.3643 -22.2671
-12.9102 -22.3790
-12.8511 -22.6298
-13.3398 -22.7302
-13.8293 -22.8292
-13.6637 -23.5442
-13.5703 -23.5143
-13.4259 -24.1458
-13.2801 -24.7771
-13.8106 -24.8874
-13.6632 -25.6480
-14.0485 -25.7376
-13.8156 -26.5856
-13.6896 -26.5644
-13.4823 -27.4429
-13.2716 -28.3210
-12.7456 -28.2133
-12.5326 -28.9409
-12.5326 -28.9409
-13.2624 -29.0980
-13.9902 -29.2510
-13.8201 -29.8515
-13.7159 -29.8280
-13.5428 -30.4913
-13.3666 -31.1567
-13.4988 -31.1791
-13.3714 -31.6612
-13.2453 -32.1432
-13.8830 -32.2745
-14.5229 -32.4002
-14.4461 -32.8976
-14.3668 -33.4989
-14.7018 -33.5691
-14.5151 -34.0434
-15.2741 -34.2376
-15.0834 -34.6898
-15.2659 -34.7702
-15.1000 -35.1824
-16.0274 -35.3431
-16.9619 -35.4994
-17.7032 -35.6633
-17.4191 -36.0684
-17.0847 -36.4724
-17.4404 -36.5623
-17.3331 -36.9436
-17.2335 -37.3744
-17.5331 -37.4724
-17.3878 -38.0251
-17.0505 -38.4467
-16.7985 -38.4012
-16.3610 -38.5584
-16.0438 -38.8834
-15.9651 -39.3516
-15.9224 -39.6807
-16.4146 -39.7900
-16.4698 -40.2729
-16.8674 -40.3663
-16.8166 -40.7897
-16.7436 -41.1763
-16.6780 -41.5191
-16.3316 -41.8065
-16.2146 -42.3377
-16.4299 -42.8677
-16.4299 -42.8677
-16.3296 -43.3870
-16.2445 -43.6835
-16.0856 -44.1319
-15.9242 -44.5800
-15.7603 -45.0279
-15.5939 -45.4756
-14.8940 -45.3714
-14.7155 -45.8985
-13.8100 -45.7972
-13.5715 -46.6878
-13.3251 -47.5778
-12.6102 -47.4714
-11.8982 -47.3605
-11.1892 -47.2452
-10.4834 -47.1256
-10.2958 -47.6487
-10.1045 -48.1715
-9.9093 -48.6939
-9.7099 -49.2160
-8.9225 -49.0912
-8.1391 -48.9610
-8.0221 -49.2826
-7.9609 -49.2702
-7.6377 -50.0587
-7.4328 -50.0013
-7.1585 -50.6096
-6.1598 -50.4171
-5.1694 -50.2161
-4.9433 -50.6749
-4.7128 -51.1333
-4.4776 -51.5912
-4.2377 -52.0486
-3.9556 -51.9788
-3.4469 -52.7640
-2.9195 -53.5469
-2.3723 -54.3274
-1.3822 -54.0533
-0.9147 -54.4535
-0.4379 -54.8518
-0.4379 -54.8518
