# Eurasia
148.0292	42.7034
147.8204	42.5773
147.6000	42.4596
147.4029	42.3492
147.1971	42.2289
147.0511	42.1334
146.8555	42.0104
146.6701	41.9516
146.4467	41.8360
146.2380	41.7289
146.0818	41.6742
145.8847	41.5482
145.6949	41.4275
145.4029	41.3296
145.1898	41.2349
144.9927	41.1643
144.9109	41.1301
144.7810	41.0915
144.6978	41.0572
144.6409	41.0086
144.6409	41.0086
144.6277	40.9400
144.6117	40.8358
144.6117	40.7204
144.4803	40.5503
144.3985	40.3674
144.3285	40.2042
144.2818	40.0686
144.2540	39.9282
144.2263	39.7673
144.2380	39.5575
144.2044	39.3741
144.1869	39.1233
144.1197	38.9092
144.0628	38.7093
144.0161	38.5352
143.9737	38.3595
143.9299	38.1662
143.8891	37.9295
143.8438	37.7106
143.7445	37.4783
143.6350	37.2884
143.5182	37.0583
143.4073	36.8615
143.2774	36.6477
143.1533	36.5193
143.0175	36.3400
142.9810	36.2112
142.8161	36.1354
142.6803	36.0643
142.6044	36.0003
142.5547	35.9433
141.9918	34.3098
141.9918	34.3098
141.9641	34.3037
141.6133	34.2905
141.0113	34.4015
140.1534	34.6555
139.5163	34.9363
138.8280	35.2651
138.1704	33.8802
138.1704	33.8802
137.8387	33.6080
137.3535	33.2836
136.5746	32.9985
136.2195	32.8526
135.2053	32.5414
134.5652	32.2527
133.5160	31.6426
132.5880	30.9245
132.0371	30.3915
131.4789	29.7897
131.3342	29.5052
130.8841	28.6084
130.5056	27.7428
130.5100	27.7337
130.2440	27.2645
129.7764	26.6850
128.9785	25.7910
127.9804	24.9751
127.2132	24.3256
126.4051	23.7036
125.3339	23.2291
124.2993	23.0181
123.0703	22.9239
123.0703	22.9239
121.7444	24.7574
121.6526	24.5667
121.5881	24.4006
121.4404	23.9175
121.3572	23.6334
121.2096	23.1810
121.0994	22.9375
120.9890	22.6683
120.8414	22.2041
120.7946	21.9077
120.7292	21.5258
120.6360	21.0320
120.5062	20.4853
120.4672	19.9019
120.5217	19.8673
120.6850	19.7720
120.9300	19.6504
121.2478	19.5198
121.4656	19.3895
121.7921	19.1810
121.9914	18.9814
122.1273	18.8597
122.2628	18.6599
122.3710	18.4340
122.4063	18.1821
122.4308	17.5378
122.4846	17.3718
122.5657	17.1880
122.6289	17.0916
122.6641	16.8115
122.6635	16.6625
122.5899	16.4788
122.4705	16.2247
122.3328	15.9265
122.2045	15.6982
122.0391	15.3287
122.0298	15.2758
122.1478	15.2223
122.3202	15.1156
122.5833	14.9378
122.8465	14.8217
123.2464	14.7315
123.5192	14.7038
124.0197	14.7547
124.4384	14.8148
124.6112	14.8052
124.6654	14.7165
124.7738	14.5390
124.8913	14.3524
124.9724	14.1836
125.1078	13.9434
125.2433	13.7119
125.3697	13.4890
125.5686	13.2122
125.7585	12.9440
125.9571	12.5683
126.0745	12.3713
126.2822	12.0216
126.4353	11.6537
126.4800	11.4653
126.6425	11.1595
126.7319	10.7998
126.7309	10.5570
126.7664	10.3499
126.7929	10.1697
126.8640	9.7638
126.9170	9.3846
127.0061	8.9416
127.1046	8.5612
127.1575	8.1536
127.2289	7.8361
127.2813	7.3187
127.3253	6.9644
127.4054	6.5369
127.4859	6.2000
127.6116	5.7898
127.7016	5.5799
127.8459	5.2604
127.9541	5.0412
128.2525	4.6112
128.4873	4.1903
128.6045	3.9251
128.7850	3.5955
128.9296	3.3664
129.1100	2.9818
129.2268	2.6247
129.2808	2.4873
129.3882	2.0570
129.4236	1.8281
129.5219	1.3885
129.6301	1.1501
129.7025	1.0674
129.8105	0.7832
129.8736	0.6456
129.8821	0.4991
129.8721	0.2795
129.8715	0.1331
129.8801	0.0140
129.9338	-0.1967
129.9786	-0.3708
130.0235	-0.5175
130.0958	-0.6185
130.2044	-0.7563
130.2858	-0.8848
130.3671	-1.0224
130.3942	-1.0775
130.4118	-1.2057
130.2839	-1.3424
130.1195	-1.4972
130.0010	-1.5607
129.8732	-1.6699
129.8000	-1.7611
129.7817	-1.7976
129.7538	-1.9439
129.7536	-1.9805
129.8168	-2.0997
129.9168	-2.1275
130.0258	-2.1555
130.2258	-2.2021
130.3984	-2.2578
130.6254	-2.3594
130.7888	-2.4516
130.9340	-2.5254
131.0883	-2.6084
131.2700	-2.6823
131.4697	-2.7838
131.6056	-2.9124
131.7689	-3.0228
131.9594	-3.1516
132.1680	-3.3079
132.3495	-3.4093
132.4675	-3.4829
132.5849	-3.6844
132.6932	-3.8949
132.8016	-4.0963
132.9830	-4.2249
133.2555	-4.3265
133.4919	-4.3459
133.6102	-4.3281
133.8107	-4.2560
133.9746	-4.2111
134.0198	-4.2934
134.0375	-4.4122
133.9912	-4.6127
133.9538	-4.8589
133.9257	-5.0502
133.9072	-5.1140
133.8060	-5.3961
133.8060	-5.3961
133.6413	-5.6322
133.5773	-5.7048
133.2573	-6.0858
133.1385	-6.2308
132.9373	-6.4847
132.8183	-6.6569
132.6630	-6.8107
132.4710	-7.0461
132.2971	-7.2906
132.1051	-7.5348
131.9224	-7.6973
131.3925	-8.2388
131.3287	-8.2838
131.1919	-8.3737
131.0095	-8.4725
130.8819	-8.5353
130.5082	-8.6875
130.2897	-8.7408
130.0710	-8.8122
129.7159	-8.8920
129.3792	-8.9267
129.0514	-8.9795
128.6600	-9.0411
128.3505	-9.0849
127.9043	-9.1733
127.4218	-9.2525
127.0757	-9.3413
126.0280	-9.7067
125.7180	-9.8857
125.6267	-9.9484
125.0524	-10.2253
124.6239	-10.4305
124.3870	-10.5194
123.8768	-10.7061
123.3393	-10.8745
122.1553	-11.1837
121.5906	-11.3339
121.2173	-11.3950
120.6168	-11.4193
120.2712	-11.3909
119.8803	-11.3264
119.3615	-11.3690
117.9519	-11.2461
117.4607	-11.2170
116.9511	-11.2417
116.4963	-11.2218
115.5778	-11.1459
115.0686	-11.0808
114.4230	-10.9971
113.8228	-10.9406
112.8591	-10.7656
112.3320	-10.6284
111.4323	-10.4084
111.0958	-10.3709
110.6774	-10.3601
110.3044	-10.3494
109.8222	-10.3473
109.4311	-10.3186
109.0218	-10.3078
108.4490	-10.2152
108.0764	-10.1055
107.7222	-9.9777
107.3135	-9.8136
106.9321	-9.6405
106.5601	-9.4042
106.3423	-9.2768
105.9521	-9.0492
105.6708	-8.8762
105.0083	-8.4841
104.7448	-8.4106
104.5268	-8.3281
104.1548	-8.0909
103.8732	-7.9718
103.5101	-7.7979
103.1922	-7.6605
102.8382	-7.4774
102.4665	-7.1671
102.1946	-6.9297
101.9045	-6.6830
101.6054	-6.4271
101.4153	-6.2079
101.2163	-5.9157
100.9899	-5.6779
100.5913	-5.2844
100.3741	-5.0008
100.2114	-4.7629
100.0127	-4.4244
99.8318	-4.1772
99.4879	-3.7556
99.2162	-3.4712
98.9809	-3.1777
98.7456	-2.8658
98.5733	-2.7371
98.1114	-2.2594
97.9041	-1.8103
97.8139	-1.6177
97.4347	-0.9480
97.3803	-0.9020
97.2809	-0.7276
97.0912	-0.4338
96.9645	-0.2594
96.8200	-0.0116
96.6666	0.2729
96.5673	0.4473
96.4227	0.6859
96.1785	1.0348
96.0159	1.2918
95.8619	1.4572
95.6265	1.7144
95.3819	1.9534
95.1460	2.1100
94.9106	2.3580
94.7563	2.4501
94.3486	2.8543
94.2128	3.0011
94.0588	3.1572
93.9412	3.3131
93.7603	3.5697
93.6524	3.8625
93.4987	4.0823
93.1819	4.4489
93.1368	4.5403
92.9565	4.9333
92.8488	5.2620
92.7226	5.5451
92.6329	5.8278
92.5524	6.1650
92.4187	6.8021
92.1486	7.4481
91.8507	7.9845
91.7160	8.3837
91.6804	8.5739
91.6092	8.9270
91.5650	9.2164
91.5296	9.4513
91.5305	9.6679
91.5137	9.9836
91.5052	10.1098
91.5428	10.3797
91.5713	10.6765
91.6092	10.9999
91.6561	11.3318
91.7127	11.7888
91.7140	12.0842
91.7612	12.4774
91.8626	12.7805
91.9920	13.2346
92.1207	13.5455
92.2133	13.9095
92.3606	14.2993
92.5625	14.6970
92.7641	15.0233
92.9017	15.2964
93.0580	15.6572
93.2241	16.1931
93.3350	16.5612
93.3727	16.8589
93.3919	17.0776
93.3936	17.4619
93.4136	17.8627
93.3880	18.2280
93.2718	18.6883
93.1097	19.0611
92.8843	19.5024
92.6584	19.8306
92.3420	20.2614
91.7631	20.9913
91.4912	21.2228
91.2285	21.4453
91.0198	21.5738
90.6661	21.7962
90.4205	21.8057
90.1568	21.8323
89.9655	21.7652
89.8651	21.6976
89.7372	21.5792
89.5364	21.4439
89.6066	21.5161
89.6066	21.5161
89.4436	21.3961
89.3893	21.3617
89.3351	21.3018
89.2356	21.2075
89.1182	21.0704
88.9919	20.9160
88.7838	20.7354
88.5940	20.5460
88.4220	20.4080
88.2862	20.3130
88.1138	20.2435
87.9233	20.1652
87.7689	20.1215
87.6237	20.0692
87.3241	19.9903
87.1063	19.9032
86.9520	19.8594
86.6338	19.8320
86.4160	19.7620
86.1258	19.6140
86.0171	19.5445
85.8180	19.3882
85.7096	19.2581
85.4928	19.0323
85.2306	18.7712
85.0316	18.5882
84.6423	18.2910
84.4885	18.1599
84.2172	17.9061
84.0635	17.7572
83.9459	17.6433
83.8556	17.5469
83.7199	17.4239
83.5209	17.2482
83.2942	17.1246
83.0132	16.9657
82.7869	16.7894
82.5245	16.5776
82.3616	16.4364
82.0718	16.2241
81.7634	16.0818
81.4913	15.9572
81.2106	15.7445
81.0659	15.6115
80.7585	15.3012
80.6055	15.0353
80.5514	14.9555
80.5343	14.7785
80.5452	14.4774
80.5651	14.1937
80.5671	13.8563
80.6420	13.5098
80.7070	13.2697
80.7271	12.9578
80.7101	12.7613
80.6472	12.6270
80.5484	12.4210
80.4131	12.2324
80.2868	12.0528
80.1970	11.8553
80.1254	11.6667
80.0990	11.5051
80.0994	11.4513
80.1454	11.3528
80.1822	11.2902
80.2375	11.1648
80.3198	11.0933
80.6685	10.5736
80.7154	10.3218
80.8353	10.0521
80.9363	9.8813
81.0285	9.6653
81.0472	9.5841
81.3495	9.2244
81.4323	9.0622
81.5241	8.9089
81.6251	8.7557
81.6986	8.6293
81.8460	8.3041
81.8743	8.1412
81.9576	7.8968
81.9949	7.7247
82.0052	7.5251
82.0259	7.0892
82.0453	6.8894
82.0278	6.7711
82.0011	6.6800
81.9658	6.4888
81.9207	6.4249
81.8033	6.2787
81.6768	6.1415
81.5683	6.0316
81.4594	5.9855
81.2414	5.9388
80.9868	5.9283
80.8321	5.9366
80.6321	5.9264
80.3956	5.9160
80.2136	5.9333
80.0311	6.0324
79.8299	6.2225
79.7652	6.4042
79.7186	6.5950
79.6907	6.7040
79.6626	6.8402
79.6607	7.1583
79.6769	7.5035
79.6845	7.7667
79.7196	7.9755
79.7186	8.1568
79.6077	8.4552
79.4785	8.7713
79.4420	8.7892
79.3507	8.8430
79.1866	8.9055
78.9681	8.9405
78.8774	8.9038
78.7418	8.7674
78.6153	8.6129
78.5076	8.3768
78.4177	8.1861
78.3277	8.0315
78.2289	7.8133
78.1208	7.6404
77.9403	7.3943
77.7869	7.1846
77.7599	7.1481
77.6147	7.0837
77.4694	7.0466
77.4694	7.0466
77.3600	7.0914
77.3144	7.1094
77.2050	7.1542
77.1230	7.1719
76.9862	7.2439
76.9679	7.2529
76.8852	7.3977
76.8392	7.4973
76.7926	7.6877
76.7467	7.7509
76.7182	7.9594
76.6907	8.0046
76.6440	8.2128
76.6254	8.2762
76.5705	8.3302
76.4784	8.5199
76.4141	8.6373
76.2857	8.8176
76.0298	9.0243
75.9384	9.1052
75.9371	9.3221
75.8542	9.5023
75.8078	9.6555
75.7611	9.8537
75.7056	10.0158
75.6763	10.3580
75.6762	10.3671
75.6025	10.5287
75.5385	10.5914
75.4656	10.6090
75.3834	10.6715
75.3012	10.7251
75.1543	10.9671
74.8508	11.5222
74.7406	11.7099
74.6484	11.9066
74.5287	12.1566
74.4279	12.2814
74.3174	12.5043
74.1707	12.7090
73.9967	12.9045
73.6764	13.2416
73.6302	13.3572
73.6017	13.5529
73.5645	13.6951
73.5183	13.8104
73.4348	14.0854
73.3704	14.2182
73.3334	14.3156
73.3147	14.4042
73.3136	14.5814
73.2766	14.6786
73.2028	14.8553
73.1476	14.9611
73.0366	15.2610
72.8526	15.6129
72.7698	15.7623
72.3555	16.5952
72.1625	16.9185
72.0710	17.0143
71.8607	17.1882
71.7146	17.2923
71.4770	17.4658
71.2213	17.6303
71.1847	17.6650
71.0104	17.9168
70.4975	18.4966
70.3691	18.6694
70.1854	18.9630
70.0931	19.1787
69.9091	19.5145
69.7896	19.7122
69.6057	20.0383
69.4398	20.3895
69.3756	20.4663
69.3756	20.4663
69.3298	20.5261
69.3113	20.5774
69.1831	20.7052
69.1009	20.7732
69.0548	20.8671
69.0181	20.9182
68.7806	21.0707
68.7167	21.1131
68.4513	21.3761
68.2224	21.6218
68.1033	21.7573
67.9019	21.9516
67.6912	22.1964
67.4990	22.3901
67.3525	22.5331
67.1326	22.7938
66.8759	23.1126
66.5468	23.3631
66.3544	23.5804
66.1615	23.8892
66.0695	24.0560
65.9958	24.1975
66.0030	24.4976
66.0388	24.5809
66.0567	24.6309
66.0655	24.6809
66.0562	24.7057
66.0562	24.7057
63.4125	24.6902
60.2811	26.6608
60.1355	26.7013
59.8626	26.8150
59.5442	26.9203
59.2259	27.0092
58.8078	27.0409
58.6442	27.0243
58.2441	27.1211
58.0166	27.2345
57.7890	27.3639
57.5249	27.5661
57.2242	27.8810
56.9417	28.1467
56.1411	28.4669
55.9046	28.5307
55.4679	28.7303
54.8489	29.0970
53.2742	29.9842
53.1102	30.1262
52.8641	30.3862
52.5905	30.7397
52.1712	31.1777
51.3691	32.0165
51.1779	32.1632
50.8045	32.4327
50.3130	32.6858
49.7670	32.9458
49.0756	33.1894
47.8386	33.5303
47.7383	33.6290
47.5467	33.8793
47.3458	34.2270
47.2000	34.3776
46.7351	34.8353
46.4708	35.1117
46.1793	35.3499
45.8878	35.5576
45.4233	35.9274
45.1133	36.2441
44.7576	36.6694
44.4656	37.0707
43.9822	37.6648
40.4537	38.3632
37.1106	37.7747
36.7153	36.1691
33.9853	34.1100
33.9853	34.1100
26.9027	34.7741
25.3774	34.1234
18.1822	39.1339
16.2790	37.1849
12.3189	39.2010
10.8956	37.8844
8.1873	37.6629
5.5612	37.3174
2.9614	37.2544
0.8023	64.2812
0.7560	64.4625
1.1496	64.5433
1.0863	64.6231
3.4590	65.1142
1.8268	66.6158
1.8268	66.6158
1.8799	66.6761
1.9252	66.7365
2.0129	66.8157
2.1098	66.8979
2.2516	67.0148
2.3847	67.1125
2.4928	67.1976
2.6206	67.3017
2.7683	67.3539
2.9429	67.4152
3.1190	67.4795
3.2741	67.5087
3.4869	67.5268
3.9768	67.5863
3.8262	67.7414
3.9560	67.8027
4.0902	67.8832
4.2337	67.9182
4.3692	67.9534
4.6302	68.0107
4.7919	68.0415
4.9899	68.0775
5.2089	68.0900
5.4171	68.0928
5.7900	68.0960
6.0345	68.1032
6.2971	68.1125
6.5982	68.1328
6.8336	68.1358
7.5300	68.1628
8.3212	68.2468
8.0770	68.4349
8.1747	68.4820
8.3301	68.5391
8.6386	68.5978
9.0555	68.6955
9.3593	68.7728
9.6214	68.8522
10.0131	68.9692
10.3729	69.0318
10.6157	69.0588
10.9403	69.0996
11.2061	69.1144
11.4722	69.1287
11.8011	69.1546
12.1123	69.2108
16.6886	70.0167
16.6795	70.0176
16.6795	70.0176
15.3073	72.8925
16.9108	73.4358
16.6901	73.6589
17.1278	73.9055
16.3522	74.6403
17.0520	74.9243
16.4176	75.3522
16.7138	75.4774
16.2909	75.6415
16.1408	75.7376
15.7178	75.9134
14.8124	76.2646
13.9001	76.6372
13.0788	76.9857
13.0788	76.9857
12.5807	77.1490
12.2120	77.2846
11.5278	77.5038
10.8083	77.8156
10.4290	78.0012
9.8920	78.1882
9.4100	78.4018
8.6330	78.7398
8.0853	78.9519
7.8182	78.9922
7.4402	79.0782
6.6364	79.2295
6.3764	79.3013
6.3879	79.3809
6.1196	79.4793
6.0122	79.5145
5.8992	79.6063
5.8992	79.6063
5.5606	79.6621
5.5222	79.7292
5.4751	79.8163
5.5479	79.8816
5.9582	80.0010
6.0668	80.0223
6.8053	80.1483
7.3632	80.2435
7.8770	80.3190
8.4243	80.3998
8.9623	80.4601
9.5896	80.5207
10.5587	80.6207
11.5440	80.6980
12.2052	80.7707
12.9063	80.8479
13.3787	80.8782
14.6213	80.9939
15.2816	81.0592
15.9779	81.1498
16.4994	81.2234
17.1487	81.3323
17.4003	81.3762
17.5998	81.4711
17.7695	81.5501
17.9592	81.5934
18.4681	81.6286
19.0946	81.6293
19.5342	81.6317
20.1853	81.7177
20.8471	81.7922
21.2989	81.8671
21.7072	81.9051
22.3652	81.9395
23.0917	81.9511
24.1140	81.9723
24.7725	81.9745
25.4403	81.9861
25.9391	82.0007
26.3526	82.0576
27.2409	82.1672
27.8062	82.2358
28.6167	82.3131
29.7040	82.4228
30.7309	82.5290
31.4191	82.5490
32.4259	82.5580
33.6691	82.5925
35.4156	82.6441
37.5993	82.7740
39.3064	82.8935
41.0099	82.9777
43.4766	83.1197
45.3624	83.2258
48.8126	83.4142
51.5193	83.5332
53.4860	83.5900
55.8221	83.5963
58.1209	83.5424
60.8596	83.4217
64.0846	83.2136
65.2106	83.1414
66.8049	82.9877
67.9070	82.8792
69.4845	82.7677
70.6791	82.6923
72.0529	82.6189
73.7449	82.5650
74.9047	82.5077
75.6397	82.4954
76.9092	82.5020
78.0952	82.5094
79.4972	82.5088
80.4391	82.4803
81.0637	82.4736
82.3524	82.4650
83.4560	82.4566
84.7444	82.4311
86.6021	82.4002
88.2958	82.3509
90.0650	82.2951
91.0722	82.2410
92.3368	82.1964
92.9647	82.1760
93.6500	82.1276
94.4359	82.0571
95.2896	81.9642
95.7925	81.8677
96.4447	81.7380
97.0055	81.6320
98.4316	81.3367
98.7896	81.2952
99.4625	81.2622
100.0586	81.2233
100.8518	81.1338
101.3870	81.0571
101.8959	80.9666
102.5237	80.8608
103.5485	80.5753
104.9201	80.2760
105.2657	80.2262
105.6906	80.1652
106.2211	80.0981
106.7116	80.0113
107.4032	79.9194
108.1300	79.8094
108.5843	79.7167
109.0695	79.5931
109.9387	79.4360
110.5243	79.3086
111.1262	79.1674
111.6573	79.0434
112.3980	78.8833
112.9620	78.7343
113.4767	78.6267
114.2369	78.5028
114.9952	78.3284
115.5159	78.2205
116.0119	78.1279
116.2801	78.0313
116.3810	77.9696
116.6496	77.8976
117.1105	77.8266
117.6645	77.7736
118.3802	77.7228
119.1707	77.6945
119.8886	77.6646
120.7742	77.6303
121.7389	77.5973
122.5035	77.5992
123.6930	77.5939
124.5903	77.6145
125.1770	77.6111
125.7779	77.6446
126.3184	77.6582
127.3402	77.7625
127.8800	77.8407
125.5500	77.6800
125.5500	77.6800
127.4101	75.5046
128.6266	74.0779
129.5883	72.4749
130.5113	71.2191
131.2444	70.0614
132.3041	69.1321
133.4255	68.2820
134.9332	67.4188
137.7913	66.3710
141.5037	64.9240
144.3492	63.8352
146.7493	62.7773
148.6326	61.9373
149.7058	61.2466
150.6983	60.6603
151.4868	60.1154
151.7766	59.7800
151.8759	59.4833
151.6653	59.0978
151.1993	58.6483
150.6304	58.3203
149.7394	58.0460
148.8085	57.7951
148.0095	57.5329
147.2847	57.2950
145.6732	56.5515
144.6902	56.1309
144.1248	55.8888
143.7928	55.7642
145.1375	47.1159
148.0292	42.7034
