> Jan Mayen
-15.42329405	72.09463675
-14.17789337	71.95965787
-13.23838058	71.86217313
-12.32071693	71.77218721
-11.53414808	71.67470246
-10.59463529	71.53972358
-9.45848029	71.39724588
-8.51896750	71.29226231
-7.33911423	71.12728812
-6.39960144	70.96231394
-5.76597654	70.79733975
-4.67351980	70.60986909
-3.29702432	70.40740077
-2.46675721	70.23492776
-1.19950740	70.03245944
> Bight
-38.06602423	57.00498410
-37.04909505	56.91824746
-35.81544326	56.85078562
-34.58179147	56.76404898
-33.76491393	56.74477417
-32.79799766	56.68694975
-31.86442333	56.64840013
-30.64744251	56.57130089
> Chalie_Gibbs Norte
-42.24268660	52.76067112
-41.24242839	52.79922074
-39.97543465	52.81849555
-38.82513771	52.77994593
-38.27499570	52.82813295
-37.57481495	52.81849555
-36.32449219	52.74139631
-35.42425980	52.70284669
-34.72407905	52.67393448
-33.92387248	52.68357188
-33.13141706	52.65465967
-32.28119758	52.58719784
-31.54767490	52.53901081
-30.71800196	52.47154898
-29.80109860	52.42336196
-28.68414360	52.40408715
> Chalie_Gibbs Sul
-37.11190336	52.38481234
-35.71154187	52.36553753
-34.59458686	52.32698791
-33.82772224	52.31735051
-32.69409626	52.24988868
-31.96057358	52.21133906
-31.21037992	52.14387723
-30.33650744	52.10532761
-29.41960408	52.01859097
-28.55271363	51.98967875
> KT
-17.111673	44.207532
-19.050234	42.765529
-19.548721	42.469734
-20.102595	42.506708
-20.804170	42.802503
-21.764219	43.449556
-22.391943	43.911736
-23.499692	44.336942
-24.108954	44.558789
> PICO
-33.196830	38.021682
-35.038745	38.106751
-36.095028	38.299547
-37.014231	38.384059
-38.029668	38.531957
-38.909625	38.549625
-39.954649	38.424586
-40.804601	38.410693
-41.724222	38.341226
-42.769245	38.299547
-43.897871	38.424586
> EAFZ
-29.936356	37.042208
-29.001513	36.905082
-27.764526	36.794159
-26.416765	36.683235
-25.899815	36.683235
-24.495267	36.882436
-24.056357	36.854649
-23.444305	36.905082
-23.004367	36.993582
-21.801144	37.052980
-20.315173	37.181141
-19.757827	37.389539
-18.991477	37.563205
-17.924022	37.829443
-17.235837	37.834123
> TRIDENT EAST
-27.400433	35.791816
-26.766452	35.833496
-25.742329	35.986322
-24.279296	36.076628
-23.032234	36.187774
-22.098680	36.222507
-21.011855	36.285026
> TRIDENT WEST
-44.538818	37.577098
-43.535596	37.521525
-42.156165	37.674351
-40.219388	37.743817
-39.355502	37.702137
> OCEANOGRAPHER
-41.981994	36.368386
-40.616497	36.201667
-38.610052	35.770976
-38.136308	35.604257
-36.96020508	35.43040492
-36.83715820	35.40526052
-36.71850586	35.37832009
-36.62182617	35.34599157
-36.54052734	35.32982731
-36.45922852	35.31725511
-36.38012695	35.29570277
-36.32519531	35.29211071
-36.26147461	35.27594645
-36.17358398	35.25798617
-36.06811523	35.26517028
-35.89013672	35.21667750
-35.77587891	35.17896090
-35.67700195	35.16279664
-35.54736328	35.14483636
-35.45507813	35.12867210
-35.38037109	35.10711975
-35.34082031	35.09095549
-35.22216797	35.06760712
-35.05517578	35.04605478
-34.93212891	35.03527860
-34.83764648	35.02270640
-34.68383789	34.98319377
-33.538204	34.770663
-33.050526	34.687303
-32.493181	34.590051
-31.489958	34.478905
> HAYES
-42.85652174	34.54705885
-42.25652174	34.39587046
-41.72608696	34.26148078
-41.33056641	34.17166719
-41.03613281	34.10194977
-40.79003906	34.03957103
-40.32421875	33.94049890
-40.07812500	33.90747486
-39.84521484	33.87445082
-39.56835938	33.83041877
-39.38378906	33.80106406
-39.18164063	33.76437068
-39.02343750	33.73868532
-38.75976563	33.68364525
-38.54003906	33.64328253
-38.38623047	33.61025849
-38.09179688	33.53687173
-37.88964844	33.50017835
-37.63037109	33.45981564
-37.37548828	33.42312226
-37.10742188	33.39376756
-36.79101563	33.33872749
-36.43066406	33.28368742
-36.20654297	33.23965536
-35.91650391	33.20296198
-35.65722656	33.15892993
-35.13478261	33.05918113
-34.44782609	32.93319081
-33.63913043	32.77479495
-32.87391304	32.67400269
> ATLANTIS
-46.91739130	31.27341024
-46.63043478	31.18101733
-46.30869565	31.06342636
-46.00434783	30.95423475
-45.71739130	30.84504313
-45.35217391	30.70225410
-45.13260870	30.64555845
-44.93260870	30.59306248
-44.66521739	30.52376780
-44.40652174	30.44817361
-44.16072538	30.38255927
-43.96971547	30.35560742
-43.81868437	30.33635610
-43.62323236	30.30170373
-43.41889617	30.27860214
-43.29007553	30.25935082
-43.06797097	30.21314765
-42.91249778	30.18234554
-42.72592995	30.14384290
-42.42830985	30.07453815
-42.18399484	30.02448471
-41.96189028	29.97443128
-41.78864873	29.94747943
-41.52212326	29.90127626
-41.31778707	29.86277362
-41.10900879	29.82812124
-40.82027287	29.78191808
-40.62037877	29.75111596
-40.35385330	29.71261332
-40.06067529	29.66255989
-39.87854955	29.64715883
-39.66088709	29.62405725
-39.20000000	29.56204166
-38.76956522	29.47804811
-38.24347826	29.35625746
-38.23913043	29.35625746
-38.03043478	29.28906262
-38.02608696	29.28906262
-37.69565217	29.25126552
-37.69130435	29.23866649
-37.42608696	29.21766810
-37.08260870	29.13367455
> KANE
-59.08695652	25.70917764
-58.65434783	25.57478796
-58.20000000	25.44039828
-57.81739130	25.33960602
-57.43478261	25.28920989
-57.00000000	25.18841763
-56.46086957	25.10442408
-56.02608696	25.03722924
-55.60869565	25.00363182
-55.13913043	24.95323569
-54.63478261	24.93643698
-54.06086957	25.05402795
-53.52173913	25.13802150
-53.00000000	25.18841763
-52.51304348	25.15482021
-52.02608696	25.07082666
-51.52173913	25.02043053
-50.87826087	24.88604085
-50.34782609	24.75165117
-49.94782609	24.65085891
-49.60869565	24.56686536
-49.40881348	24.50956876
-49.14074707	24.42018704
-48.87707520	24.31861689
-48.65075684	24.24751780
-48.48596191	24.19876413
-48.25634766	24.13775683
-48.03662109	24.09342254
-47.80810547	24.03699709
-47.59716797	24.00475397
-47.30712891	23.95638929
-47.04345703	23.92414618
-46.84130859	23.89593345
-46.65234375	23.87981189
-46.54248047	23.86369033
-46.43261719	23.85159916
-46.26562500	23.83547760
-46.17333984	23.82338644
-46.01074219	23.81129527
-45.76025391	23.77502176
-45.59644410	23.75132028
-45.46891631	23.71093418
-45.19928612	23.67223083
-45.04443095	23.65540328
-44.94605237	23.65035502
-44.79345703	23.64201890
-44.59570313	23.61380617
-44.40234375	23.59365423
-44.21337891	23.55335033
-44.02441406	23.52513760
-43.86621094	23.50901604
-43.66406250	23.47274254
-43.47509766	23.44049942
-43.27734375	23.39616513
-43.10156250	23.35989163
-42.95214844	23.31152695
-42.76757813	23.25107110
-42.60498047	23.20673682
-42.45117188	23.16240253
-42.28308105	23.10463476
-42.14904785	23.07213232
-42.01281738	23.03556707
-41.88757324	23.00509602
-41.66784668	22.95227955
-41.66564941	22.95227955
-41.53820801	22.91977710
-41.40197754	22.86899203
-41.40197754	22.86899203
-41.25256348	22.83445819
-41.25036621	22.83445819
-41.13830566	22.80165569
-40.84347826	22.74840500
-40.56521739	22.70220855
-40.56521739	22.70220855
-40.22608696	22.63501371
-39.83043478	22.55521983
-39.43913043	22.49642435
-39.43478261	22.49642435
-39.03913043	22.46702660
-39.03043478	22.46702660
-38.66086957	22.47542596
-38.17173913	22.47962564
-38.17173913	22.47962564
-37.86304348	22.54262080
-37.85869565	22.54262080
-37.52826087	22.61821500
-37.52391304	22.62241467
-37.24130435	22.72740661
-37.23695652	22.72740661
-36.94130435	22.77360306
-36.53043478	22.90799274
-36.52173913	22.90799274
-36.28695652	22.97938726
-36.27826087	22.98358694
-35.95217391	23.01718436
-35.50869565	23.00878500
-35.50000000	23.00878500
-34.97826087	22.98358694
-34.39130435	22.96258855
-33.82173913	22.92059178
-33.81739130	22.92059178
-33.23043478	22.86599597
-32.85217391	22.79880113
-32.49565217	22.72740661
-31.98695652	22.55521983
> 15_20
-30.63043478	13.94168127
-31.33043478	14.17686321
-31.83478261	14.30285353
-32.25217391	14.30285353
-32.76086957	14.38684708
-33.54347826	14.46244128
-34.29565217	14.53803547
-35.06086957	14.63882773
-35.63478261	14.58003225
-36.26086957	14.58843160
-36.86956522	14.55483418
-37.48695652	14.42884386
-38.20869565	14.23565869
-39.04347826	14.22725934
-39.61739130	14.27765547
-40.32173913	14.41204515
-40.91304348	14.52123676
-41.37391304	14.60523031
-41.78260870	14.63042838
-42.06956522	14.70182290
-42.36086957	14.76061838
-43.20198500	14.93952900
-44.26956522	15.14398092
-45.22608696	15.26157189
-45.90652174	15.32876673
-46.57173913	15.37076350
-47.19347826	15.42535931
-47.58695652	15.47995512
-47.97826087	15.55134964
-48.45652174	15.63954287
-48.90000000	15.72773609
-49.54782609	15.86212577
-49.98695652	15.95031900
