-180.0000 -83.8300
-178.0000 -84.3300
-166.0000 -84.9200
-163.0000 -85.4200
-152.0000 -85.5800
-146.0000 -85.3300
-147.0000 -84.8300
-153.5000 -84.0000
-154.5000 -81.5000
-153.0000 -81.1700
-146.5000 -80.9200
-145.5000 -80.6700
-158.0000 -78.5000
-154.5000 -78.5000
-154.5000 -78.1700
-156.6700 -78.0800
-158.0000 -77.8300
-158.6700 -77.1700
-157.0000 -77.0000
-154.0000 -77.1700
-153.0000 -77.5800
-150.5000 -77.8300
-148.0000 -77.6700
-146.0000 -77.2500
-146.6700 -75.9200
-142.0000 -75.5800
-140.6700 -75.7500
-140.0000 -75.4200
-135.5000 -74.7500
-133.0000 -74.7500
-129.6700 -75.7500
-127.0000 -76.0000
-125.5000 -74.6700
-123.3300 -73.8300
-123.6700 -73.2500
-122.3300 -73.2500
-121.3300 -73.7500
-120.0000 -74.0000
-120.0000 -73.5800
-116.6700 -73.6700
-116.3300 -73.8300
-117.6700 -74.1700
-117.6700 -74.6700
-116.3300 -75.1700
-113.6700 -75.2500
-112.3300 -75.0000
-112.6700 -74.0000
-112.0000 -73.6700
-110.3300 -75.0000
-108.6700 -75.1700
-108.5000 -74.6700
-109.5000 -74.5000
-109.5000 -74.0000
-108.3300 -74.0000
-108.0000 -74.3300
-108.5000 -74.6700
-107.5000 -75.0800
-104.5000 -74.9200
-104.5000 -74.5800
-102.6700 -74.5800
-100.0000 -75.0000
-99.5000 -74.7500
-101.3300 -74.3300
-100.6700 -74.0000
-101.5000 -73.7500
-101.5000 -73.5000
-100.0000 -73.5800
-99.0000 -73.4200
-100.0000 -73.0800
-101.3300 -73.2500
-102.5000 -72.7500
-101.3300 -72.6700
-101.5000 -73.0000
-99.6700 -72.9200
-98.5000 -73.3300
-98.0000 -73.0800
-97.5000 -73.7500
-96.3300 -73.7500
-96.0000 -73.0800
-97.5000 -72.9200
-98.5000 -72.5000
-101.0000 -71.9200
-99.8300 -71.7500
-98.3300 -72.0000
-97.0000 -71.8300
-95.6700 -72.0800
-95.6700 -72.4200
-90.5000 -72.9200
-87.0000 -72.9200
-85.5000 -73.0800
-83.0000 -72.8300
-79.5000 -73.0000
-78.5000 -73.2500
-78.6700 -72.8300
-78.0000 -72.4200
-74.0000 -73.0000
-74.5000 -73.5000
-68.5000 -73.0800
-67.5000 -72.8300
-67.0000 -71.8300
-68.5000 -70.0000
-68.5000 -69.4200
-67.3300 -69.4200
-66.6700 -69.0800
-67.3300 -68.8300
-66.8300 -68.0800
-67.5000 -67.7500
-67.5000 -67.4200
-68.5000 -67.7500
-69.2500 -67.7500
-69.3300 -67.3300
-67.8300 -66.6700
-67.6700 -67.0800
-67.0000 -67.0000
-66.3300 -67.3300
-66.3300 -66.8300
-65.5000 -66.5800
-65.8300 -66.2500
-64.0000 -65.5000
-64.0000 -65.0800
-63.0000 -65.1700
-62.6700 -64.7500
-61.6700 -64.6700
-61.5000 -64.2500
-61.0000 -64.0000
-59.6700 -63.8300
-58.0000 -63.3300
-57.1700 -63.2500
-56.6700 -63.5800
-57.3300 -63.5800
-58.1700 -63.8300
-57.2500 -63.8300
-57.3300 -64.4200
-58.1700 -64.3300
-58.6700 -64.0000
-59.0000 -64.5000
-59.6700 -64.3300
-61.3300 -65.0000
-62.0000 -65.4200
-62.6700 -66.5000
-63.5000 -66.2500
-64.0000 -66.5000
-63.6700 -66.9200
-64.6700 -66.9200
-65.3300 -67.3300
-65.5000 -67.8300
-64.8300 -68.0800
-65.3300 -68.3300
-64.8300 -68.7500
-63.6700 -68.7500
-62.6700 -69.0800
-61.5000 -70.5800
-61.6700 -70.9200
-61.0000 -71.1700
-60.8300 -71.5800
-61.6700 -72.0000
-60.8300 -72.3300
-61.0000 -72.6700
-59.8300 -73.0000
-60.1700 -73.3300
-61.5000 -73.4200
-60.6700 -74.3300
-61.6700 -74.6700
-61.6700 -75.0800
-63.0000 -75.1700
-63.6700 -76.0800
-67.3300 -77.0000
-65.0000 -77.1700
-60.0000 -77.0800
-57.6700 -77.2500
-47.6700 -78.7500
-38.5000 -78.7500
-35.0000 -77.8300
-28.3300 -76.5000
-26.0000 -75.6700
-24.0000 -75.3300
-23.6700 -74.7500
-16.3300 -73.0800
-13.5000 -72.8300
-11.3300 -72.2500
-11.1700 -71.9200
-12.0000 -71.6700
-12.1700 -71.3300
-11.5000 -71.2500
-11.0000 -71.5800
-9.7500 -71.0000
-9.0000 -71.1700
-8.5000 -71.8300
-7.3300 -71.6700
-7.6700 -71.4200
-7.6700 -70.8300
-6.8300 -70.7500
-5.8300 -70.7500
-6.0000 -71.3300
-3.0000 -71.2500
-3.3300 -70.4200
-2.5000 -70.2500
-1.0000 -70.6700
-1.5000 -71.0000
0.0000 -71.5000
4.6700 -70.3300
6.3300 -70.3300
7.3300 -70.0800
12.6700 -70.0800
18.3300 -70.1700
23.0000 -70.5800
24.6700 -70.4200
25.3300 -70.1700
27.0000 -70.1700
32.0000 -69.5000
33.5000 -69.5000
33.5000 -68.6700
34.3300 -68.5800
36.0000 -69.3300
38.3300 -69.5800
38.6700 -70.0800
39.8300 -69.5000
40.0000 -68.8300
43.3300 -67.8300
47.0000 -67.5800
48.1700 -67.6700
48.5000 -67.4200
49.3300 -67.4200
49.8300 -67.8300
50.5000 -67.5800
50.1700 -67.0000
50.5000 -66.5000
52.1700 -65.9200
53.6700 -65.8300
55.1700 -65.9200
57.1700 -66.4200
57.1700 -66.6700
56.3300 -66.7500
59.0000 -67.1700
59.3300 -67.5000
60.6700 -67.3300
62.6700 -67.6700
63.6700 -67.5000
67.6700 -67.8300
69.5000 -67.6700
69.5000 -68.1700
70.5000 -69.0000
69.5000 -69.1700
69.8300 -70.0800
70.6700 -70.5000
71.6700 -70.4200
71.0000 -70.0800
72.3300 -69.7500
73.5000 -69.5800
75.5000 -69.8300
77.1700 -69.1700
78.0000 -69.0800
78.3300 -68.5000
79.0000 -68.2500
81.6700 -67.8300
82.5000 -67.3300
83.6700 -67.1700
87.6700 -66.6700
89.6700 -66.7500
92.0000 -66.5000
95.0000 -66.5000
96.0000 -66.6700
97.6700 -66.6700
98.5000 -66.5000
99.3300 -66.5800
100.6700 -66.4200
102.6700 -65.8300
105.0000 -66.0800
109.0000 -66.8300
109.5000 -66.5800
110.3300 -66.6700
110.6700 -66.0800
113.6700 -65.7500
115.5000 -66.3300
119.0000 -66.8300
120.3300 -66.8300
122.5000 -66.4200
123.3300 -66.7500
124.3300 -66.7500
124.8300 -66.5000
125.8300 -66.5800
126.5000 -66.2500
127.0000 -66.2500
128.3300 -66.9200
129.5000 -67.1700
130.0000 -66.9200
130.0000 -66.3300
130.8300 -66.0800
135.3300 -66.0800
136.3300 -66.3300
142.0000 -66.7500
142.5000 -67.0000
143.3300 -66.8300
144.3300 -67.0000
144.3300 -67.5000
146.0000 -67.5000
146.8300 -67.8300
147.0000 -68.2500
148.3300 -68.4200
149.0000 -68.2500
150.3300 -68.5000
151.0000 -68.3300
151.5000 -68.6700
154.3300 -68.5800
155.0000 -69.0800
156.0000 -69.3300
156.5000 -69.0000
161.0000 -69.6700
161.6700 -70.8300
162.3300 -70.1700
163.3300 -70.0800
163.1700 -70.5800
166.0000 -70.5000
170.0000 -71.5000
170.1700 -71.1700
171.0000 -71.7500
170.1700 -72.0000
170.5000 -72.5000
168.5000 -73.1700
167.0000 -73.2500
166.6700 -74.0800
165.3300 -74.1700
165.3300 -74.5000
163.0000 -75.1700
162.6700 -76.0800
163.6700 -77.7500
166.0000 -78.4200
161.5000 -78.7500
160.0000 -79.1700
160.3300 -81.0000
164.0000 -82.4200
168.5000 -83.2500
171.5000 -83.5000
176.0000 -83.5000
180.0000 -83.8300
