>
2.999217	43.013699
3.581799	43.184932
4.000000	43.500000
4.580000	43.330000
5.250000	43.250000
5.830000	43.000000
6.420000	43.080000
6.830000	43.420000
7.420000	43.670000
8.000000	43.830000
8.250000	44.170000
8.670000	44.330000
9.170000	44.250000
9.500000	44.080000
9.500000	44.080000
10.080000	44.000000
10.170000	43.500000
10.420000	43.080000
10.920000	42.670000
11.000000	42.330000
11.500000	42.330000
12.000000	41.920000
12.420000	41.500000
12.920000	41.250000
13.580000	41.250000
14.000000	40.920000
14.420000	40.670000
14.750000	40.580000
15.000000	40.170000
15.670000	40.000000
15.750000	39.670000
16.000000	39.250000
16.080000	38.830000
15.830000	38.580000
15.670000	38.170000
15.670000	37.920000
16.000000	37.920000
16.170000	38.170000
16.500000	38.420000
16.500000	38.830000
17.000000	39.000000
17.000000	39.420000
16.500000	39.670000
16.670000	40.170000
16.920000	40.500000
16.920000	40.500000
17.330000	40.330000
17.830000	40.250000
17.920000	39.920000
18.250000	39.830000
18.420000	40.170000
17.920000	40.580000
17.420000	40.830000
16.920000	41.080000
16.330000	41.330000
15.830000	41.500000
16.080000	41.830000
15.250000	41.830000
14.670000	42.080000
14.170000	42.330000
13.920000	42.580000
13.830000	43.000000
13.580000	43.420000
13.080000	43.670000
12.670000	43.920000
12.250000	44.250000
12.170000	44.580000
12.330000	44.920000
12.080000	45.170000
12.170000	45.500000
12.580000	45.500000
13.080000	45.750000
13.580000	45.670000
13.420000	45.420000
13.500000	45.080000
13.750000	44.830000
13.750000	44.830000
14.080000	45.000000
14.170000	45.330000
14.830000	45.000000
14.920000	44.580000
15.170000	44.330000
15.170000	44.000000
15.750000	43.750000
16.000000	43.500000
16.580000	43.420000
17.330000	43.000000
17.920000	42.580000
18.500000	42.330000
19.000000	42.000000
19.500000	41.750000
19.420000	41.330000
19.330000	40.750000
19.330000	40.250000
19.750000	40.000000
20.080000	39.580000
20.330000	39.250000
20.670000	38.750000
21.080000	38.330000
21.830000	38.250000
22.580000	38.330000
22.920000	38.000000
23.500000	37.920000
24.000000	37.580000
24.000000	38.170000
24.580000	38.000000
24.170000	38.170000
24.170000	38.170000
24.080000	38.500000
23.670000	38.670000
23.330000	38.920000
23.170000	39.250000
22.830000	39.580000
22.500000	40.000000
22.580000	40.580000
23.080000	40.170000
23.580000	40.170000
23.750000	40.420000
23.500000	40.670000
24.000000	40.670000
24.250000	40.920000
24.750000	40.830000
25.170000	40.920000
25.750000	40.830000
26.080000	40.500000
26.580000	40.580000
26.170000	40.250000
26.170000	40.000000
26.580000	40.330000
27.080000	40.670000
27.420000	40.920000
28.170000	41.000000
28.830000	41.000000
29.420000	40.670000
28.920000	40.580000
29.000000	40.330000
28.420000	40.330000
27.750000	40.330000
27.750000	40.330000
27.170000	40.330000
26.580000	40.330000
26.170000	40.000000
26.000000	39.420000
26.830000	39.500000
26.670000	39.250000
26.750000	38.670000
26.920000	38.420000
26.670000	38.330000
26.330000	38.580000
26.250000	38.250000
26.750000	38.080000
27.170000	37.920000
27.080000	37.580000
27.185263	37.517640
27.290351	37.455186
27.395263	37.392639
27.500000	37.330000
27.417229	37.247586
27.334640	37.165114
27.252230	37.082586
27.170000	37.000000
27.295000	37.000197
27.420000	37.000262
27.545000	37.000197
27.670000	37.000000
28.170000	37.000000
28.000000	36.750000
28.580000	36.750000
29.250000	36.330000
29.750000	36.170000
30.500000	36.420000
30.670000	36.830000
31.250000	36.750000
32.000000	36.500000
32.250000	36.170000
32.750000	36.000000
33.170000	36.170000
33.580000	36.170000
33.580000	36.170000
34.080000	36.500000
34.500000	36.830000
35.170000	36.580000
35.500000	36.580000
36.000000	36.920000
36.080000	36.670000
35.750000	36.330000
35.920000	36.000000
35.750000	35.670000
35.750000	35.000000
35.830000	34.500000
35.500000	34.080000
35.250000	33.500000
35.000000	33.000000
34.830000	32.500000
34.670000	32.000000
34.330000	31.500000
34.000000	31.170000
33.250000	31.080000
32.670000	31.000000
32.330000	31.250000
32.170000	30.920000
32.580000	30.000000
32.750000	29.580000
32.750000	29.580000
33.000000	29.080000
33.250000	28.750000
33.420000	28.420000
33.750000	28.080000
34.170000	27.750000
34.420000	27.920000
34.420000	28.330000
34.670000	28.920000
35.000000	29.500000
35.000000	29.000000
34.830000	28.500000
34.670000	28.000000
35.170000	28.000000
35.500000	27.580000
35.750000	27.170000
36.080000	26.670000
36.420000	26.170000
36.750000	25.830000
37.080000	25.330000
37.250000	24.830000
37.500000	24.330000
38.000000	24.080000
38.420000	23.750000
38.750000	23.250000
39.000000	22.750000
39.080000	22.250000
39.000000	21.920000
39.080000	21.500000
39.170000	20.920000
39.500000	20.580000
39.500000	20.580000
39.670000	20.250000
40.330000	20.080000
40.750000	19.670000
41.000000	19.170000
41.250000	18.670000
41.500000	18.170000
41.750000	17.750000
42.080000	17.500000
42.420000	17.000000
42.670000	16.500000
42.750000	16.080000
42.670000	15.670000
42.750000	15.170000
42.920000	14.580000
43.080000	14.000000
43.250000	13.750000
43.170000	13.250000
43.500000	12.750000
43.920000	12.670000
44.420000	12.750000
44.920000	12.830000
45.420000	13.000000
45.670000	13.330000
46.080000	13.330000
46.580000	13.250000
47.080000	13.330000
47.420000	13.580000
47.830000	13.920000
48.330000	13.920000
48.830000	14.080000
48.830000	14.080000
49.170000	14.500000
49.670000	14.750000
50.250000	14.920000
50.750000	15.080000
51.250000	15.250000
51.750000	15.420000
52.250000	15.580000
52.250000	15.920000
52.420000	16.250000
52.920000	16.500000
53.420000	16.670000
53.920000	16.920000
54.420000	17.000000
54.830000	16.920000
55.250000	17.170000
55.420000	17.670000
55.920000	17.830000
56.330000	17.920000
56.580000	18.080000
56.750000	18.580000
57.080000	18.830000
57.500000	18.920000
57.920000	19.080000
57.750000	19.500000
57.830000	20.000000
58.080000	20.420000
58.500000	20.420000
58.750000	20.830000
59.000000	21.170000
59.330000	21.420000
59.330000	21.420000
59.580000	21.920000
59.830000	22.420000
59.420000	22.670000
59.080000	23.080000
58.830000	23.500000
58.250000	23.670000
57.750000	23.750000
57.250000	24.000000
56.830000	24.330000
56.420000	24.750000
56.420000	25.330000
56.420000	25.830000
56.500000	26.080000
56.250000	26.170000
56.080000	25.830000
55.670000	25.580000
55.330000	25.250000
55.000000	24.920000
54.500000	24.580000
54.250000	24.170000
53.830000	24.080000
53.250000	24.170000
52.750000	24.170000
52.420000	23.920000
51.830000	24.000000
51.670000	24.250000
51.250000	24.250000
51.580000	24.750000
51.670000	25.250000
51.580000	25.750000
51.580000	25.750000
51.330000	26.080000
51.080000	26.000000
51.000000	25.580000
50.670000	25.170000
50.500000	25.420000
50.170000	25.830000
50.250000	26.250000
50.080000	26.670000
49.670000	27.000000
49.250000	27.420000
48.830000	27.830000
48.580000	28.250000
48.330000	28.750000
48.170000	29.250000
47.750000	29.420000
48.330000	29.580000
48.580000	30.000000
48.920000	30.500000
49.250000	30.250000
49.580000	30.000000
50.000000	30.170000
50.330000	29.830000
50.670000	29.250000
51.080000	28.750000
51.250000	28.250000
51.500000	27.830000
52.170000	27.670000
52.580000	27.420000
53.000000	27.000000
53.500000	26.920000
53.500000	26.920000
53.830000	26.580000
54.330000	26.670000
54.750000	26.420000
55.330000	26.670000
55.750000	26.830000
56.250000	27.000000
56.750000	27.000000
57.080000	26.670000
57.170000	26.250000
57.330000	25.750000
58.000000	25.670000
58.580000	25.580000
59.170000	25.420000
59.670000	25.330000
60.170000	25.330000
60.750000	25.250000
61.170000	25.170000
61.830000	25.080000
62.420000	25.170000
62.920000	25.250000
63.500000	25.250000
63.830000	25.420000
64.250000	25.250000
64.670000	25.170000
65.170000	25.250000
65.580000	25.330000
66.080000	25.420000
66.580000	25.330000
66.830000	25.000000
67.170000	24.750000
67.170000	24.750000
67.330000	24.330000
67.420000	23.920000
67.920000	23.750000
68.330000	23.500000
68.670000	23.080000
69.170000	22.750000
69.750000	22.750000
70.330000	22.920000
70.170000	22.420000
69.670000	22.250000
69.080000	22.250000
69.330000	21.750000
69.670000	21.420000
70.080000	21.000000
70.580000	20.750000
71.170000	20.750000
71.670000	20.920000
72.080000	21.250000
72.170000	21.830000
72.330000	22.250000
72.580000	22.170000
72.500000	21.670000
72.580000	21.250000
72.830000	20.830000
72.750000	20.250000
72.670000	19.750000
72.830000	19.250000
73.000000	19.000000
72.830000	18.670000
73.000000	18.080000
73.000000	18.080000
73.170000	17.500000
73.250000	17.000000
73.330000	16.420000
73.500000	16.000000
73.750000	15.500000
74.080000	15.000000
74.420000	14.500000
74.500000	14.000000
74.670000	13.500000
74.830000	13.000000
75.000000	12.420000
75.250000	12.000000
75.580000	11.580000
75.830000	11.170000
76.000000	10.670000
76.170000	10.170000
76.330000	9.580000
76.500000	9.000000
76.830000	8.580000
77.170000	8.250000
77.580000	8.080000
78.000000	8.330000
78.170000	8.920000
78.580000	9.170000
79.000000	9.250000
79.000000	9.750000
79.330000	10.250000
79.830000	10.250000
79.830000	10.830000
79.750000	11.250000
79.750000	11.250000
79.750000	11.750000
80.000000	12.170000
80.250000	12.670000
80.330000	13.250000
80.250000	13.830000
80.170000	14.420000
80.080000	15.000000
80.170000	15.420000
80.420000	15.830000
81.000000	15.750000
81.170000	16.170000
81.500000	16.250000
82.000000	16.330000
82.250000	16.580000
82.330000	17.000000
82.580000	17.170000
83.000000	17.420000
83.330000	17.830000
83.670000	18.080000
84.080000	18.250000
84.500000	18.580000
84.830000	19.000000
85.080000	19.330000
85.500000	19.670000
85.920000	19.750000
86.420000	19.920000
86.750000	20.330000
87.000000	20.750000
86.920000	21.080000
87.080000	21.420000
87.080000	21.420000
87.580000	21.580000
88.000000	21.750000
88.170000	22.080000
88.330000	21.500000
88.750000	21.580000
89.250000	21.670000
89.750000	21.750000
90.250000	21.830000
90.580000	22.170000
90.920000	22.420000
91.420000	22.750000
91.750000	22.330000
91.920000	21.920000
92.000000	21.500000
92.170000	21.080000
92.500000	20.670000
92.920000	20.250000
93.170000	19.920000
93.500000	19.920000
93.750000	19.500000
93.580000	19.250000
93.830000	18.830000
94.170000	18.830000
94.330000	18.330000
94.500000	17.750000
94.580000	17.170000
94.420000	16.580000
94.250000	16.080000
94.750000	15.830000
95.080000	15.750000
95.080000	15.750000
95.500000	15.750000
95.830000	16.080000
96.250000	16.330000
96.750000	16.580000
96.920000	16.920000
97.250000	16.750000
97.580000	16.330000
97.750000	15.830000
97.830000	15.330000
97.920000	14.750000
98.080000	14.250000
98.250000	13.670000
98.580000	13.080000
98.750000	12.500000
98.500000	11.920000
98.750000	11.420000
98.750000	11.000000
98.500000	10.670000
98.500000	10.170000
98.500000	9.580000
98.250000	9.000000
98.250000	8.500000
98.420000	8.080000
98.670000	8.250000
99.080000	7.830000
99.420000	7.330000
99.750000	7.000000
100.080000	6.670000
100.330000	6.080000
100.330000	5.670000
100.330000	5.670000
100.420000	5.080000
100.670000	4.750000
100.580000	4.250000
100.920000	3.750000
101.330000	3.330000
101.420000	2.830000
101.920000	2.500000
102.250000	2.170000
102.750000	1.920000
103.170000	1.670000
103.500000	1.420000
104.250000	1.420000
104.080000	2.000000
103.750000	2.580000
103.420000	2.920000
103.420000	3.420000
103.420000	3.920000
103.420000	4.420000
103.420000	4.920000
103.080000	5.420000
102.670000	5.750000
102.250000	6.080000
101.830000	6.420000
101.500000	6.830000
100.920000	6.920000
100.580000	7.170000
100.420000	7.750000
100.250000	8.250000
99.920000	8.580000
99.830000	9.250000
99.830000	9.250000
99.330000	9.170000
99.170000	9.670000
99.170000	10.250000
99.330000	10.830000
99.580000	11.170000
99.750000	11.670000
99.920000	12.080000
99.920000	12.750000
100.000000	13.330000
100.420000	13.500000
100.920000	13.330000
100.920000	12.750000
101.420000	12.670000
101.830000	12.670000
102.250000	12.250000
102.580000	12.080000
102.830000	11.750000
103.000000	11.330000
103.250000	10.920000
103.670000	10.580000
104.250000	10.580000
104.500000	10.250000
104.625050	10.207571
104.750066	10.165095
104.875050	10.122571
105.000000	10.080000
104.957452	9.955008
104.914936	9.830011
104.872452	9.705008
104.830000	9.580000
104.830000	9.080000
105.000000	8.670000
105.420000	9.000000
105.830000	9.330000
106.330000	9.420000
106.670000	9.830000
106.670000	9.830000
106.670000	10.420000
107.250000	10.420000
107.670000	10.670000
108.080000	10.920000
108.500000	11.170000
109.000000	11.420000
109.170000	11.750000
109.170000	12.170000
109.250000	12.830000
109.250000	13.250000
109.250000	13.750000
109.170000	14.250000
109.000000	14.750000
108.830000	15.330000
108.420000	15.750000
108.080000	16.170000
107.670000	16.500000
107.170000	16.920000
106.830000	17.330000
106.420000	17.750000
106.330000	18.080000
105.920000	18.420000
105.580000	19.000000
105.750000	19.500000
105.920000	19.920000
106.420000	20.250000
106.670000	20.670000
107.080000	21.000000
107.580000	21.250000
108.000000	21.500000
108.000000	21.500000
108.500000	21.670000
109.000000	21.670000
109.420000	21.420000
109.750000	21.420000
109.670000	21.000000
109.750000	20.750000
109.920000	20.330000
110.250000	20.330000
110.500000	20.500000
110.250000	20.920000
110.420000	21.250000
110.920000	21.420000
111.500000	21.500000
112.000000	21.750000
112.500000	21.830000
113.000000	22.000000
113.080000	22.500000
113.500000	22.170000
113.670000	22.670000
114.170000	22.250000
114.500000	22.670000
115.000000	22.670000
115.500000	22.750000
116.000000	22.830000
116.500000	23.080000
117.000000	23.420000
117.420000	23.670000
117.830000	24.000000
118.170000	24.250000
118.170000	24.580000
118.170000	24.580000
118.670000	24.580000
118.830000	25.000000
119.170000	25.250000
119.420000	25.580000
119.670000	26.000000
119.750000	26.330000
119.670000	26.750000
120.000000	26.670000
120.330000	27.000000
120.580000	27.420000
120.830000	27.830000
121.080000	28.170000
121.420000	28.170000
121.580000	28.420000
121.500000	28.670000
121.670000	29.170000
121.920000	29.170000
122.000000	29.750000
122.080000	30.000000
121.670000	30.080000
121.330000	30.250000
120.750000	30.170000
120.420000	30.330000
120.920000	30.420000
121.170000	30.670000
121.500000	30.830000
121.920000	30.920000
121.830000	31.250000
121.250000	31.670000
121.830000	31.670000
121.830000	31.670000
121.670000	32.080000
121.250000	32.420000
120.920000	32.580000
120.830000	33.000000
120.670000	33.420000
120.500000	33.830000
120.330000	34.330000
119.750000	34.580000
119.170000	34.830000
119.420000	35.250000
119.670000	35.580000
120.170000	35.920000
120.670000	36.170000
120.830000	36.580000
121.500000	36.750000
122.000000	37.000000
122.330000	36.830000
122.392192	36.955049
122.454588	37.080066
122.517190	37.205049
122.580000	37.330000
122.455113	37.352697
122.330150	37.375263
122.205112	37.397697
122.080000	37.420000
121.580000	37.420000
121.170000	37.500000
120.830000	37.750000
120.330000	37.580000
120.000000	37.330000
119.750000	37.080000
119.330000	37.080000
118.920000	37.330000
118.830000	37.750000
118.330000	38.000000
117.920000	38.250000
117.920000	38.250000
117.580000	38.580000
117.670000	38.920000
118.000000	39.250000
118.420000	39.080000
119.000000	39.170000
119.250000	39.420000
119.420000	39.750000
119.920000	40.000000
120.420000	40.170000
120.830000	40.580000
121.250000	40.920000
121.920000	40.830000
122.250000	40.420000
121.920000	40.000000
121.500000	39.750000
121.330000	39.500000
121.670000	39.170000
121.170000	38.750000
121.580000	38.830000
122.080000	39.080000
122.420000	39.420000
123.000000	39.580000
123.500000	39.750000
124.080000	39.830000
124.670000	39.670000
125.080000	39.580000
125.420000	39.420000
125.170000	38.920000
125.000000	38.500000
124.750000	38.080000
124.750000	38.080000
125.330000	37.670000
126.080000	37.750000
126.580000	37.420000
126.750000	37.000000
126.170000	36.920000
126.500000	36.330000
126.750000	35.750000
126.330000	35.330000
126.330000	34.830000
126.580000	34.330000
127.170000	34.670000
127.750000	34.830000
128.500000	34.920000
129.080000	35.170000
129.330000	35.580000
129.420000	36.000000
129.420000	36.500000
129.330000	37.000000
129.170000	37.500000
128.830000	37.920000
128.500000	38.250000
128.250000	38.670000
127.830000	39.000000
127.705333	39.062700
127.580444	39.125267
127.455333	39.187701
127.330000	39.250000
127.372349	39.332523
127.414799	39.415031
127.457349	39.497523
127.468002	39.518144
127.478662	39.538764
127.489328	39.559382
127.500000	39.580000
127.489411	39.595632
127.478817	39.611264
127.468219	39.626894
127.457615	39.642523
127.415154	39.705031
127.372616	39.767523
127.330000	39.830000
127.454877	39.852701
127.579836	39.875268
127.704877	39.897701
127.830000	39.920000
128.250000	40.080000
128.750000	40.330000
129.250000	40.670000
129.250000	40.670000
129.670000	40.830000
129.670000	41.330000
129.580000	41.580000
130.080000	42.080000
130.670000	42.250000
130.830000	42.580000
131.170000	42.580000
131.500000	43.000000
131.750000	43.250000
132.330000	43.250000
132.330000	42.920000
133.080000	42.670000
133.750000	42.830000
134.330000	43.170000
135.000000	43.420000
135.500000	43.920000
135.670000	44.330000
136.330000	44.750000
136.920000	45.250000
137.500000	45.670000
137.920000	46.080000
138.250000	46.500000
138.500000	47.080000
139.000000	47.500000
139.500000	48.000000
140.170000	48.500000
140.330000	49.000000
140.500000	49.420000
140.500000	50.000000
140.420000	50.500000
140.420000	50.500000
140.500000	51.000000
140.750000	51.420000
141.080000	51.830000
141.330000	52.170000
141.080000	52.420000
141.080000	52.830000
141.330000	53.250000
140.750000	53.500000
140.250000	53.750000
140.170000	54.000000
139.500000	54.170000
138.830000	54.170000
138.250000	53.670000
138.019308	53.628162
137.789075	53.585882
137.559305	53.543161
137.330000	53.500000
137.414502	53.582590
137.499334	53.665120
137.584500	53.747590
137.670000	53.830000
137.670000	54.250000
137.080000	54.170000
136.670000	53.750000
136.670000	54.170000
136.670000	54.580000
135.920000	54.500000
135.250000	54.670000
135.170000	54.920000
135.920000	55.170000
136.580000	55.580000
137.250000	55.920000
137.920000	56.330000
138.500000	56.830000
139.000000	57.170000
139.670000	57.500000
139.670000	57.500000
140.250000	57.750000
140.580000	58.080000
141.000000	58.420000
141.670000	58.670000
142.000000	59.000000
142.670000	59.250000
143.670000	59.330000
144.670000	59.330000
145.580000	59.330000
145.920000	59.170000
146.500000	59.420000
147.420000	59.250000
148.170000	59.330000
148.830000	59.250000
148.920000	59.420000
149.000000	59.670000
149.500000	59.750000
150.170000	59.580000
150.830000	59.500000
151.330000	59.580000
151.670000	59.330000
151.080000	59.080000
151.330000	58.830000
152.000000	58.830000
152.920000	59.000000
153.330000	59.170000
154.000000	59.080000
154.291918	59.103486
154.584232	59.126315
154.876929	59.148487
155.170000	59.170000
155.085468	59.232583
155.000625	59.295111
154.915469	59.357583
154.830000	59.420000
154.170000	59.500000
154.170000	59.500000
154.500000	60.000000
155.000000	60.420000
155.750000	60.750000
156.330000	61.170000
156.920000	61.580000
157.920000	61.750000
158.830000	61.830000
159.500000	61.670000
159.706690	61.710469
159.913922	61.750627
160.121692	61.790471
160.330000	61.830000
160.203241	61.685172
160.077666	61.540228
159.953258	61.395170
159.830000	61.250000
159.920000	60.920000
160.170000	60.580000
161.000000	60.920000
161.670000	61.250000
162.250000	61.580000
162.920000	61.670000
162.920000	62.080000
163.250000	62.500000
164.420000	62.670000
164.750000	62.500000
164.080000	62.250000
163.920000	61.750000
163.750000	61.170000
163.500000	60.830000
162.670000	60.670000
161.920000	60.420000
161.580000	60.080000
160.920000	59.670000
160.080000	59.250000
159.670000	58.830000
159.670000	58.830000
159.000000	58.420000
158.250000	58.000000
157.500000	57.750000
156.830000	57.750000
157.000000	57.420000
156.670000	57.000000
156.000000	56.830000
155.750000	56.330000
155.500000	55.830000
155.420000	55.250000
155.500000	54.830000
155.670000	54.330000
155.830000	53.920000
156.000000	53.330000
156.080000	52.750000
156.420000	52.170000
156.500000	51.670000
156.500000	51.250000
156.670000	50.920000
157.330000	51.250000
157.920000	51.670000
158.420000	52.250000
158.580000	52.830000
159.170000	53.170000
159.920000	53.170000
159.830000	53.580000
159.920000	54.080000
160.420000	54.420000
161.170000	54.580000
161.670000	54.500000
161.670000	54.500000
162.080000	54.750000
161.670000	55.170000
161.580000	55.670000
161.920000	56.080000
162.420000	56.250000
162.830000	56.000000
163.250000	56.170000
163.080000	56.670000
162.670000	56.830000
162.670000	57.250000
163.170000	57.670000
162.580000	57.920000
162.080000	57.750000
161.920000	58.170000
162.330000	58.580000
162.920000	59.000000
163.170000	59.420000
163.330000	59.830000
164.170000	60.000000
164.750000	59.830000
165.330000	60.170000
166.170000	60.330000
166.170000	59.750000
166.830000	60.170000
167.500000	60.420000
168.250000	60.580000
169.170000	60.500000
169.830000	60.250000
170.330000	59.920000
170.670000	60.420000
170.670000	60.420000
171.500000	60.670000
172.330000	61.000000
173.080000	61.330000
173.830000	61.670000
174.580000	61.750000
175.330000	62.080000
176.250000	62.250000
177.000000	62.500000
178.170000	62.500000
179.000000	62.250000
179.670000	62.670000
179.250000	63.000000
178.830000	63.500000
178.580000	64.000000
178.330000	64.330000
177.500000	64.330000
177.500000	64.750000
178.670000	64.670000
179.580000	64.920000
180.000000	65.050000
180.330000	65.170000
180.750000	65.670000
180.080000	66.000000
181.000000	66.330000
181.170000	65.920000
181.500000	65.500000
182.330000	65.420000
183.000000	65.580000
184.000000	65.420000
184.170000	65.000000
184.920000	64.750000
186.000000	64.420000
187.000000	64.250000
187.250000	64.670000
187.830000	65.000000
187.830000	65.500000
188.920000	65.500000
189.420000	65.830000
189.606127	65.892842
189.793166	65.955457
189.981123	66.017843
190.170000	66.080000
189.923120	66.185600
189.674173	66.290803
189.423140	66.395605
189.170000	66.500000
188.330000	66.920000
186.830000	67.080000
185.500000	67.080000
185.000000	67.500000
184.170000	67.830000
183.080000	68.170000
181.830000	68.420000
180.920000	68.750000
180.000000	69.080000
180.000000	69.080000
179.750000	69.170000
178.670000	69.420000
177.420000	69.580000
176.170000	69.830000
174.670000	69.830000
173.330000	69.920000
172.000000	70.000000
170.580000	70.080000
170.580000	69.500000
171.000000	69.080000
170.420000	68.830000
169.580000	68.750000
169.330000	69.080000
168.330000	69.250000
168.250000	69.580000
169.170000	69.580000
169.420000	69.830000
168.250000	70.000000
167.670000	69.670000
167.000000	69.420000
165.670000	69.580000
164.000000	69.670000
162.250000	69.580000
160.670000	69.580000
160.380087	69.643226
160.088451	69.705972
159.795090	69.768231
159.500000	69.830000
159.623117	69.935131
159.747477	70.040175
159.873098	70.145132
160.000000	70.250000
159.918771	70.355056
159.836704	70.460075
159.753785	70.565056
159.670000	70.670000
158.830000	70.920000
157.500000	71.000000
157.500000	71.000000
156.000000	71.080000
154.580000	70.920000
153.500000	70.920000
152.420000	70.830000
152.420000	71.170000
151.580000	71.420000
150.670000	71.420000
150.000000	71.670000
149.830000	72.170000
148.500000	72.330000
146.830000	72.330000
145.250000	72.580000
143.830000	72.670000
142.420000	72.750000
140.670000	72.830000
141.170000	72.500000
139.750000	72.500000
139.330000	72.250000
139.670000	71.920000
139.797091	71.815123
139.922772	71.710162
140.047068	71.605121
140.170000	71.500000
139.773763	71.521241
139.376663	71.541657
138.978731	71.561244
138.580000	71.580000
136.670000	71.500000
135.830000	71.670000
135.000000	71.580000
134.420000	71.330000
133.500000	71.500000
132.580000	71.920000
132.250000	71.500000
132.000000	71.080000
131.250000	70.750000
131.250000	70.750000
130.330000	70.920000
129.420000	71.330000
128.750000	71.830000
129.500000	72.250000
129.830000	72.750000
128.580000	73.250000
126.920000	73.420000
124.830000	73.670000
123.000000	73.670000
122.830000	73.330000
123.330000	73.000000
122.000000	72.920000
120.000000	73.000000
118.500000	73.170000
118.670000	73.580000
117.250000	73.580000
115.920000	73.750000
114.830000	73.670000
113.670000	73.500000
112.830000	74.080000
113.330000	74.420000
112.080000	74.500000
111.580000	74.330000
112.830000	74.080000
113.000000	73.670000
112.000000	73.670000
111.170000	73.830000
110.170000	74.000000
110.000598	73.937697
109.832472	73.875261
109.665610	73.812695
109.500000	73.750000
109.669371	73.687699
109.837487	73.625265
110.004360	73.562698
110.170000	73.500000
110.170000	73.500000
108.830000	73.330000
107.580000	73.170000
106.500000	73.170000
107.170000	73.580000
108.330000	73.750000
109.670000	74.170000
111.000000	74.500000
112.500000	74.920000
113.670000	75.250000
113.830000	75.750000
113.500000	76.170000
112.420000	76.500000
111.170000	76.670000
109.580000	76.750000
108.170000	76.750000
107.830000	76.500000
107.477513	76.500738
107.125000	76.500985
106.772487	76.500738
106.420000	76.500000
106.682560	76.625422
106.949993	76.750568
107.222429	76.875430
107.500000	77.000000
107.126719	77.020803
106.752275	77.041073
106.376694	77.060806
106.000000	77.080000
105.562524	77.081092
105.125000	77.081456
104.687476	77.081092
104.250000	77.080000
104.698533	77.166171
105.153001	77.251572
105.613469	77.336187
106.080000	77.420000
105.589783	77.503865
105.093083	77.586832
104.589841	77.668883
104.080000	77.750000
102.500000	77.420000
101.000000	77.000000
101.000000	76.500000
99.000000	76.500000
99.106877	76.417567
99.212487	76.335088
99.316855	76.252566
99.420000	76.170000
98.726399	76.130397
98.036765	76.088851
97.351250	76.045379
96.670000	76.000000
96.751061	76.082541
96.833071	76.165055
96.916044	76.247542
97.000000	76.330000
96.430020	76.269427
95.865003	76.207557
95.304985	76.144409
94.750000	76.080000
94.750000	76.080000
93.250000	76.080000
92.170000	75.750000
90.580000	75.580000
88.670000	75.330000
87.500000	75.000000
86.580000	74.670000
86.500000	74.330000
87.000000	73.920000
85.250000	73.830000
83.750000	73.670000
82.000000	73.580000
80.330000	73.500000
80.830000	72.920000
80.830000	72.420000
82.170000	72.250000
82.337814	72.145210
82.503731	72.040279
82.667783	71.935208
82.830000	71.830000
82.515519	71.790762
82.202353	71.751014
81.890511	71.710759
81.580000	71.670000
80.580000	72.080000
79.500000	72.330000
78.500000	72.330000
77.750000	72.580000
77.560554	72.517765
77.372412	72.455353
77.185564	72.392764
77.000000	72.330000
77.336975	72.248348
77.670953	72.166125
78.001954	72.083340
78.330000	72.000000
77.750000	71.830000
76.920000	72.080000
76.080000	71.920000
76.580000	71.500000
78.000000	71.250000
78.500000	71.000000
76.920000	71.170000
76.920000	71.170000
75.330000	71.330000
75.330000	71.830000
75.750000	72.250000
75.500000	72.750000
74.500000	73.080000
74.170000	72.920000
75.080000	72.670000
75.170000	72.330000
74.670000	72.000000
73.750000	71.830000
73.170000	71.330000
73.830000	71.000000
74.330000	70.580000
73.830000	70.170000
73.670000	69.670000
73.920000	69.080000
74.316065	69.061366
74.711440	69.041819
75.106095	69.021363
75.500000	69.000000
75.268049	68.937967
75.037403	68.875621
74.808054	68.812964
74.580000	68.750000
74.500000	68.250000
74.830000	67.670000
74.000000	67.250000
73.500000	66.830000
72.500000	66.500000
71.580000	66.250000
70.500000	66.670000
71.830000	67.000000
72.500000	67.330000
73.170000	67.750000
73.170000	68.170000
73.580000	68.580000
73.580000	68.580000
73.333528	68.685549
73.084722	68.790736
72.833555	68.895555
72.580000	69.000000
72.580000	69.125000
72.580000	69.250000
72.580000	69.375000
72.580000	69.500000
72.602039	69.645004
72.624381	69.790006
72.647033	69.935004
72.670000	70.080000
72.670000	70.205000
72.670000	70.330000
72.670000	70.455000
72.670000	70.580000
72.670000	70.705000
72.670000	70.830000
72.670000	70.955000
72.670000	71.080000
72.463392	71.185349
72.254545	71.290468
72.043426	71.395353
71.830000	71.500000
71.975060	71.605169
72.121729	71.710226
72.270033	71.815171
72.420000	71.920000
72.520804	72.022580
72.622726	72.125107
72.725785	72.227581
72.830000	72.330000
72.830000	72.415000
72.830000	72.500000
72.830000	72.585000
72.830000	72.670000
72.458964	72.733536
72.085285	72.796387
71.708963	72.858544
71.330000	72.920000
71.414091	72.982553
71.498783	73.045070
71.584084	73.107553
71.670000	73.170000
71.546795	73.252612
71.422405	73.335150
71.296812	73.417613
71.170000	73.500000
70.895464	73.458033
70.622285	73.415709
70.350463	73.373030
70.080000	73.330000
69.500000	72.920000
68.920000	72.500000
68.750000	72.000000
68.250000	71.580000
67.000000	71.250000
66.830000	70.830000
67.330000	70.420000
66.920000	70.000000
66.920000	69.670000
67.830000	69.500000
68.330000	69.000000
69.080000	68.750000
68.580000	68.250000
67.750000	68.500000
67.080000	68.830000
66.000000	69.000000
65.080000	69.250000
65.080000	69.250000
64.080000	69.330000
63.000000	69.670000
61.750000	69.750000
60.170000	70.080000
59.080000	70.500000
58.580000	70.170000
59.170000	69.920000
60.170000	69.670000
60.500000	69.330000
61.080000	69.000000
60.500000	68.750000
59.830000	68.670000
59.830000	68.330000
59.080000	68.420000
59.080000	69.000000
58.170000	68.830000
57.250000	68.500000
56.170000	68.580000
55.170000	68.500000
54.830000	68.170000
54.000000	68.500000
53.920000	69.000000
53.000000	68.750000
52.080000	68.500000
51.000000	68.330000
50.170000	68.080000
49.080000	67.830000
48.170000	67.670000
48.170000	67.080000
47.330000	66.830000
47.330000	66.830000
46.330000	66.830000
45.830000	67.170000
45.603637	67.210482
45.376515	67.250644
45.148635	67.290484
44.920000	67.330000
45.063080	67.435193
45.207429	67.540259
45.353063	67.645195
45.500000	67.750000
46.670000	67.830000
46.250000	68.250000
45.670000	68.500000
44.500000	68.500000
43.250000	68.670000
44.170000	68.250000
44.170000	67.670000
43.830000	67.170000
44.500000	67.000000
44.500000	66.500000
43.920000	66.170000
43.170000	66.330000
42.170000	66.420000
41.500000	66.080000
40.500000	65.830000
40.290514	65.747925
40.082357	65.665564
39.875523	65.582922
39.670000	65.500000
39.796499	65.395156
39.921991	65.290207
40.046488	65.185155
40.170000	65.080000
40.670000	64.580000
39.500000	64.670000
38.670000	64.830000
37.750000	65.080000
36.920000	65.170000
36.500000	64.830000
37.250000	64.420000
38.000000	64.420000
38.000000	63.920000
38.000000	63.920000
36.750000	63.920000
35.750000	64.330000
34.670000	64.580000
34.670000	65.080000
34.670000	65.500000
34.670000	66.000000
33.670000	66.420000
32.830000	66.670000
32.687216	66.795197
32.542970	66.920265
32.397238	67.045200
32.250000	67.170000
32.482417	67.085500
32.713215	67.000664
32.942406	66.915496
33.170000	66.830000
34.330000	66.670000
35.330000	66.420000
36.250000	66.330000
37.250000	66.250000
38.330000	66.080000
39.500000	66.170000
40.580000	66.420000
41.250000	66.750000
41.250000	67.250000
40.920000	67.670000
40.000000	68.000000
39.000000	68.250000
38.000000	68.580000
37.000000	68.920000
35.830000	69.170000
34.500000	69.330000
33.080000	69.420000
33.080000	69.750000
32.080000	69.920000
31.250000	69.750000
31.250000	69.750000
30.000000	69.830000
29.691313	69.915818
29.380095	70.001096
29.066329	70.085825
28.750000	70.170000
29.063511	70.148318
29.376358	70.126090
29.688525	70.103316
30.000000	70.080000
31.170000	70.420000
30.170000	70.670000
29.080000	70.920000
27.750000	71.080000
26.830000	70.500000
26.580000	70.920000
25.580000	70.580000
25.670000	71.170000
24.830000	71.000000
24.250000	70.670000
23.330000	70.920000
22.330000	70.670000
21.500000	70.250000
20.170000	70.080000
18.920000	70.080000
18.080000	69.580000
17.000000	69.420000
17.000000	69.080000
17.145396	69.060184
17.290529	69.040245
17.435397	69.020184
17.580000	69.000000
17.349955	68.917958
17.121616	68.835608
16.894969	68.752954
16.670000	68.670000
16.580000	69.000000
15.920000	68.750000
16.170000	69.250000
15.330000	68.920000
15.100579	68.857958
14.872441	68.795609
14.645584	68.732956
14.420000	68.670000
14.566210	68.607688
14.711610	68.545250
14.856205	68.482687
15.000000	68.420000
14.665643	68.378495
14.332516	68.336324
14.000631	68.293491
13.670000	68.250000
13.670000	68.250000
12.920000	67.830000
14.000000	68.170000
15.000000	68.250000
16.170000	68.330000
15.000000	67.830000
14.670000	67.420000
13.830000	67.000000
13.330000	66.580000
13.000000	66.170000
12.580000	65.750000
12.170000	65.250000
11.330000	64.920000
10.670000	64.330000
10.080000	63.920000
9.500000	63.500000
8.920000	63.750000
8.500000	63.330000
8.000000	63.000000
7.000000	62.920000
6.330000	62.500000
5.670000	62.170000
5.480927	62.085383
5.292907	62.000509
5.105934	61.915380
4.920000	61.830000
5.003163	61.747575
5.085881	61.665099
5.168159	61.582574
5.250000	61.500000
5.144168	61.417622
5.038894	61.335162
4.934172	61.252621
4.830000	61.170000
4.872922	61.065020
4.915561	60.960027
4.957919	60.855020
5.000000	60.750000
5.080000	60.330000
5.580000	59.920000
5.250000	59.580000
5.420000	59.250000
6.170000	59.330000
6.170000	59.330000
5.670000	59.000000
5.580000	58.580000
6.000000	58.330000
6.830000	58.080000
7.670000	58.000000
8.500000	58.250000
9.000000	58.580000
9.750000	59.000000
10.250000	59.000000
10.580000	59.330000
11.080000	59.080000
11.330000	58.500000
11.670000	58.000000
12.000000	57.420000
12.330000	56.920000
12.920000	56.500000
12.670000	56.170000
13.000000	55.750000
13.000000	55.420000
13.670000	55.420000
14.250000	55.420000
14.170000	55.750000
14.670000	56.170000
15.330000	56.170000
15.920000	56.170000
16.330000	56.750000
16.500000	57.330000
16.670000	57.750000
16.670000	58.250000
16.830000	58.580000
16.830000	58.580000
17.580000	58.920000
18.330000	59.170000
18.000000	59.330000
18.580000	59.580000
18.830000	59.830000
18.580000	60.170000
17.920000	60.500000
17.250000	60.830000
17.170000	61.250000
17.330000	61.750000
17.420000	62.250000
17.750000	62.500000
18.420000	63.000000
19.170000	63.330000
19.830000	63.580000
20.670000	63.830000
21.000000	64.170000
21.670000	64.500000
21.000000	64.750000
21.500000	65.080000
21.420000	65.330000
22.000000	65.500000
22.420000	65.830000
23.170000	65.750000
23.830000	65.750000
24.500000	65.830000
25.330000	65.500000
25.330000	65.000000
24.670000	64.830000
24.080000	64.330000
24.080000	64.330000
23.250000	63.920000
22.420000	63.420000
21.580000	63.000000
21.170000	62.500000
21.250000	62.000000
21.670000	61.500000
21.330000	61.000000
21.330000	60.670000
22.080000	60.420000
22.580000	60.170000
23.500000	60.000000
24.420000	60.080000
25.330000	60.250000
26.250000	60.420000
27.170000	60.580000
28.330000	60.580000
29.080000	60.170000
29.750000	60.250000
29.856005	60.145125
29.961335	60.040167
30.065998	59.935124
30.170000	59.830000
29.920962	59.873209
29.671280	59.915946
29.420958	59.958211
29.170000	60.000000
28.330000	59.670000
27.920000	59.420000
26.830000	59.420000
25.920000	59.580000
25.000000	59.500000
24.170000	59.420000
23.500000	59.170000
23.500000	58.750000
23.750000	58.330000
24.330000	58.250000
24.330000	58.250000
24.330000	57.750000
24.330000	57.250000
23.830000	57.000000
23.250000	57.080000
22.920000	57.420000
22.420000	57.670000
21.670000	57.580000
21.330000	57.080000
21.000000	56.750000
21.000000	56.170000
21.080000	55.670000
20.750000	55.170000
20.000000	54.920000
19.750000	54.500000
19.250000	54.330000
18.670000	54.330000
18.330000	54.830000
17.500000	54.750000
16.670000	54.580000
16.000000	54.250000
15.170000	54.170000
14.330000	53.920000
13.830000	54.000000
13.250000	54.170000
13.670000	54.330000
13.330000	54.670000
12.920000	54.420000
12.250000	54.330000
11.830000	54.170000
11.330000	53.920000
11.330000	53.920000
10.750000	53.920000
10.920000	54.250000
10.000000	54.500000
10.000000	54.750000
9.420000	55.000000
9.750000	55.500000
10.170000	56.000000
10.830000	56.170000
10.830000	56.500000
10.250000	56.500000
10.250000	56.830000
10.500000	57.250000
10.500000	57.580000
9.830000	57.500000
9.420000	57.170000
8.670000	57.080000
8.250000	56.830000
8.080000	56.500000
8.080000	56.000000
8.170000	55.580000
8.670000	55.330000
8.670000	54.830000
9.000000	54.500000
8.670000	54.330000
9.000000	54.080000
8.580000	53.830000
8.500000	53.500000
8.000000	53.670000
7.330000	53.670000
7.000000	53.420000
7.000000	53.420000
6.080000	53.420000
5.500000	53.250000
5.500000	52.830000
5.920000	52.750000
5.920000	52.500000
5.500000	52.250000
5.080000	52.420000
5.080000	52.920000
4.750000	52.830000
4.580000	52.420000
4.330000	52.080000
4.000000	51.750000
3.580000	51.420000
3.000000	51.250000
2.330000	51.000000
1.750000	50.830000
1.580000	50.500000
1.500000	50.080000
1.080000	49.920000
0.580000	49.830000
0.170000	49.670000
0.000000	49.250000
-0.580000	49.330000
-1.080000	49.250000
-1.330000	49.670000
-1.920000	49.670000
-1.580000	49.170000
-1.420000	48.580000
-2.000000	48.580000
-2.670000	48.500000
-2.670000	48.500000
-3.000000	48.830000
-3.670000	48.750000
-4.170000	48.580000
-4.750000	48.500000
-4.670000	48.000000
-4.250000	47.830000
-3.750000	47.830000
-3.170000	47.580000
-2.500000	47.500000
-2.330000	47.330000
-1.920000	47.000000
-2.000000	46.750000
-1.750000	46.500000
-1.250000	46.250000
-1.000000	45.830000
-1.080000	45.250000
-1.170000	44.670000
-1.250000	44.250000
-1.420000	43.670000
-1.670000	43.420000
2.999217	43.013699
>
-5.580000	50.080000
-5.080000	50.000000
-4.500000	50.330000
-3.670000	50.170000
-3.500000	50.580000
-2.830000	50.670000
-2.080000	50.500000
-1.420000	50.750000
-0.670000	50.670000
0.080000	50.670000
0.920000	50.830000
1.420000	51.250000
0.580000	51.330000
1.000000	51.750000
1.580000	52.000000
1.830000	52.420000
1.580000	52.750000
1.000000	52.920000
0.580000	52.920000
0.250000	52.670000
0.000000	52.830000
0.330000	53.080000
0.170000	53.420000
-0.080000	53.670000
-0.250000	54.000000
-0.500000	54.420000
-1.170000	54.580000
-1.500000	55.000000
-1.670000	55.500000
-2.000000	55.830000
-2.000000	55.830000
-2.670000	56.000000
-3.330000	56.000000
-2.830000	56.250000
-2.420000	56.580000
-2.080000	57.000000
-1.830000	57.330000
-1.920000	57.670000
-2.750000	57.670000
-3.420000	57.670000
-4.170000	57.580000
-3.830000	58.000000
-3.000000	58.330000
-3.170000	58.580000
-4.080000	58.500000
-5.000000	58.500000
-5.330000	58.080000
-5.750000	57.750000
-5.830000	57.420000
-6.330000	57.580000
-6.670000	57.420000
-6.250000	57.170000
-5.580000	57.170000
-6.000000	56.670000
-6.000000	56.330000
-5.420000	56.500000
-5.500000	56.080000
-6.170000	55.750000
-5.580000	55.750000
-5.580000	55.420000
-5.080000	55.830000
-5.080000	55.830000
-4.976850	55.747628
-4.874136	55.665171
-4.771853	55.582628
-4.670000	55.500000
-4.773625	55.355129
-4.876493	55.210172
-4.978616	55.065128
-5.080000	54.920000
-4.996979	54.835084
-4.914307	54.750112
-4.831982	54.665084
-4.750000	54.580000
-4.000000	54.750000
-3.250000	54.920000
-3.580000	54.500000
-3.170000	54.170000
-2.670000	54.170000
-3.000000	53.750000
-3.000000	53.330000
-3.580000	53.250000
-4.500000	53.330000
-4.330000	53.080000
-4.670000	52.750000
-4.080000	52.750000
-4.080000	52.250000
-4.580000	52.080000
-4.728117	52.017777
-4.875822	51.955369
-5.023116	51.892776
-5.170000	51.830000
-5.127324	51.767523
-5.084765	51.705031
-5.042324	51.642523
-5.000000	51.580000
-4.330000	51.670000
-3.830000	51.580000
-3.330000	51.330000
-2.670000	51.580000
-3.000000	51.170000
-3.500000	51.170000
-4.080000	51.170000
-4.500000	50.750000
-5.000000	50.420000
-5.580000	50.080000
>
-10.330000	52.170000
-10.080000	51.750000
-9.580000	51.500000
-8.750000	51.580000
-8.000000	51.750000
-7.250000	52.080000
-6.330000	52.170000
-6.170000	52.580000
-6.000000	53.000000
-6.080000	53.500000
-6.250000	53.920000
-5.580000	54.250000
-5.750000	54.750000
-6.080000	55.080000
-6.750000	55.170000
-7.500000	55.250000
-8.250000	55.080000
-8.670000	54.670000
-8.170000	54.500000
-8.500000	54.250000
-9.080000	54.250000
-9.750000	54.250000
-10.000000	53.920000
-9.500000	53.750000
-10.000000	53.500000
-9.500000	53.170000
-9.000000	53.170000
-9.500000	52.670000
-9.750000	52.170000
-10.330000	52.170000
>
11.000000	79.750000
11.000000	79.330000
11.670000	78.700000
13.170000	78.220000
13.647468	78.221193
14.125000	78.221591
14.602532	78.221193
15.080000	78.220000
14.721575	78.153161
14.367127	78.085876
14.016616	78.018153
13.670000	77.950000
14.000000	77.500000
15.170000	77.020000
17.000000	76.500000
17.330000	77.000000
18.080000	77.500000
18.920000	78.030000
19.000000	78.420000
20.250000	78.630000
20.670000	78.180000
21.670000	77.920000
20.830000	77.420000
22.670000	77.250000
24.830000	77.750000
23.170000	78.080000
22.170000	78.420000
21.500000	78.830000
19.000000	79.170000
18.750000	79.700000
20.920000	79.330000
23.830000	79.170000
25.670000	79.420000
27.000000	79.870000
27.000000	80.170000
24.830000	80.250000
24.830000	80.250000
23.000000	80.420000
21.000000	80.170000
20.000000	80.500000
18.000000	80.250000
18.000000	79.920000
16.330000	80.030000
15.500000	79.670000
13.830000	79.830000
11.000000	79.750000
>
51.670000	71.580000
51.964637	71.478170
52.256158	71.375888
52.544600	71.273163
52.830000	71.170000
53.083242	71.085506
53.334309	71.000672
53.583221	70.915501
53.830000	70.830000
55.330000	70.670000
56.920000	70.580000
57.106312	70.622787
57.293414	70.665383
57.481310	70.707788
57.670000	70.750000
57.339175	70.833404
57.005577	70.916210
56.669191	70.998412
56.330000	71.080000
55.750000	71.500000
55.500000	72.000000
55.580000	72.500000
56.170000	72.920000
57.000000	73.330000
57.830000	73.750000
58.670000	74.170000
59.830000	74.580000
60.750000	75.000000
62.250000	75.330000
63.830000	75.670000
65.500000	75.830000
67.250000	76.080000
68.830000	76.330000
69.080000	76.830000
67.750000	77.000000
66.000000	76.750000
65.170000	76.420000
63.170000	76.250000
61.170000	76.250000
59.250000	75.920000
58.170000	75.580000
57.500000	75.330000
57.500000	75.330000
55.750000	75.080000
55.750000	74.750000
54.920000	74.170000
53.830000	73.750000
53.956842	73.667611
54.082444	73.585148
54.206824	73.502610
54.330000	73.420000
54.057050	73.358027
53.786074	73.295701
53.517061	73.233023
53.250000	73.170000
53.058478	73.045260
52.869675	72.920344
52.822892	72.889088
52.776274	72.857822
52.729822	72.826544
52.683533	72.795256
52.637407	72.763958
52.591444	72.732649
52.545642	72.701330
52.500000	72.670000
52.563386	72.585029
52.626176	72.500039
52.688378	72.415029
52.750000	72.330000
52.477243	72.268057
52.206329	72.205740
51.937251	72.143053
51.670000	72.080000
51.670000	71.955000
51.670000	71.830000
51.670000	71.705000
51.670000	71.580000
>
91.170000	80.080000
91.830000	79.670000
93.830000	79.500000
94.670000	79.080000
96.750000	78.920000
98.330000	78.750000
99.830000	78.830000
99.500000	79.250000
99.662598	79.355131
99.828401	79.460176
99.997502	79.565133
100.170000	79.670000
99.945500	79.752739
99.717388	79.835321
99.485583	79.917742
99.250000	80.000000
97.580000	80.170000
97.438648	80.252590
97.294904	80.335121
97.148709	80.417592
97.000000	80.500000
97.122538	80.562565
97.246696	80.625088
97.372506	80.687566
97.500000	80.750000
97.235469	80.812797
96.967335	80.875398
96.695533	80.937801
96.420000	81.000000
95.580000	81.250000
93.170000	80.920000
92.670000	80.500000
91.170000	80.080000
>
56.000000	80.120000
57.750000	80.120000
59.250000	80.420000
61.500000	80.330000
62.330000	80.470000
62.330000	80.920000
63.830000	80.830000
64.180069	80.873012
64.533413	80.915686
64.890050	80.958017
65.250000	81.000000
65.088387	81.105110
64.922941	81.210148
64.753526	81.315112
64.580000	81.420000
62.830000	81.170000
62.330000	80.920000
59.670000	80.780000
59.250000	80.420000
57.330000	80.450000
56.000000	80.120000
