 -92.183	25.858	Leg	1	1	2827	770
 -92.059	23.046	Leg	1	2	3572	143
 -92.043	23.030	Leg	1	3	3747	627
 -73.792	24.478	Leg	1	4	5319	382
 -73.641	24.727	Leg	1	5	5354	358
 -67.648	30.840	Leg	1	6	5124	280
 -68.297	30.134	Leg	1	7	5182	532
 -67.553	35.383	Leg	2	8	5184	572
 -59.195	32.773	Leg	2	9	4973	1326
 -52.215	32.862	Leg	2	10	4712	459
 -44.747	29.943	Leg	2	11	3571	307
 -26.000	19.695	Leg	2	12	4557	366
 -18.229	6.040	Leg	3	13	4585	608
 -20.941	-28.331	Leg	3	14	4343	108
 -17.983	-30.890	Leg	3	15	3927	143
 -15.713	-30.336	Leg	3	16	3527	175
  -6.603	-28.046	Leg	3	17	4296	322
  -8.012	-27.979	Leg	3	18	4018	178
 -23.677	-28.535	Leg	3	19	4677	145
 -26.845	-28.525	Leg	3	20	4510	158
 -30.598	-28.585	Leg	3	21	2113	209
 -35.250	-30.005	Leg	3	22	2134	242
 -44.043	10.893	Leg	4	26	5169	1092
 -56.879	15.857	Leg	4	27	5251	556
 -65.622	20.587	Leg	4	28	5251	404
 -69.323	14.785	Leg	4	29	4247	795
 -63.383	12.882	Leg	4	30	1218	430
 -72.027	14.943	Leg	4	31	3369	279
 -31.043	-6.146	Leg	4	23	5079	208
 -30.892	-6.274	Leg	4	24	5148	792
 -39.240	-0.517	Leg	4	25	1916	125
-127.556	37.127	Leg	5	32	4758	215
-127.497	39.475	Leg	5	33	4284	295
-127.276	39.470	Leg	5	34	4322	384
-127.475	40.674	Leg	5	35	3273	390
-130.110	40.985	Leg	5	36	3273	115
-140.719	40.979	Leg	5	37	4682	30
-140.355	38.702	Leg	5	38	5137	48
-139.571	32.805	Leg	5	39	4929	17
-139.901	19.793	Leg	5	40	5183	156
-140.048	19.854	Leg	5	41	5339	34
-140.189	13.843	Leg	5	42	4848	209
-151.375	17.110	Leg	5	43	5405	1
-169.015	19.308	Leg	6	44	1478	75
-178.508	24.265	Leg	6	45	5508	104
 171.438	27.883	Leg	6	46	5769	9
 157.712	32.448	Leg	6	47	2689	250
 158.022	32.408	Leg	6	48	2619	121
 156.600	32.402	Leg	6	49	4282	37
 156.572	32.403	Leg	6	50	4487	80
 153.405	33.475	Leg	6	51	5981	258
 147.130	27.772	Leg	6	52	5744	68
 141.192	18.033	Leg	6	53	4629	284
 140.302	15.610	Leg	6	54	4990	293
 142.535	9.302	Leg	6	55	2850	130
 143.560	8.373	Leg	6	56	2508	270
 143.533	8.682	Leg	6	57	3300	708
 144.418	9.235	Leg	6	58	4497	336
 147.582	11.780	Leg	6	59	5551	318
 145.698	13.667	Leg	6	60	3717	350
 147.062	12.084	Leg	7	61	5570	193
 141.938	1.870	Leg	7	62	2604	944
 147.890	0.836	Leg	7	63	4486	798
 176.986	4.354	Leg	7	65	6142	332
-166.122	2.385	Leg	7	66	5318	279
-157.648	24.376	Leg	7	67	4485	65
 158.610	-1.742	Leg	7	64	2060	1836
-164.173	16.722	Leg	8	68	5466	24
-152.865	6.000	Leg	8	69	4978	460
-140.362	6.335	Leg	8	70	5059	832
-140.315	4.471	Leg	8	71	4419	1031
-138.867	0.442	Leg	8	72	4326	408
-137.469	-1.910	Leg	8	73	4387	304
-136.097	-6.237	Leg	8	74	4431	102
-134.267	-12.517	Leg	8	75	4181	82
-133.228	0.482	Leg	9	77	4291	592
-127.356	7.950	Leg	9	78	4378	320
-121.567	2.550	Leg	9	79	4574	701
-113.809	1.442	Leg	9	81	3865	409
-106.942	2.591	Leg	9	82	3707	334
 -95.737	4.047	Leg	9	83	3646	461
 -82.888	5.749	Leg	9	84	3096	253
-145.661	-14.098	Leg	9	76	4598	36
-121.554	-0.962	Leg	9	80	4411	355
 -91.423	22.841	Leg	10	85	3749	514
 -90.963	22.875	Leg	10	86	1481	686
 -92.086	23.015	Leg	10	87	3761	657
 -94.004	21.382	Leg	10	88	2532	135
 -95.112	20.890	Leg	10	89	3067	380
 -94.768	23.797	Leg	10	90	3713	768
 -93.346	23.773	Leg	10	91	3763	899
 -91.822	25.845	Leg	10	92	2573	282
 -91.480	22.621	Leg	10	93	3090	1
 -88.469	24.527	Leg	10	94	1793	660
 -86.397	24.150	Leg	10	95	1633	463
 -85.763	23.743	Leg	10	96	3439	332
 -84.446	23.884	Leg	10	97	2930	337
 -77.311	25.383	Leg	11	98	2769	357
 -73.850	23.686	Leg	11	99	4914	248
 -73.800	24.688	Leg	11	100	5325	331
 -74.439	25.199	Leg	11	101	4868	767
 -74.452	30.732	Leg	11	102	3426	661
 -74.583	30.451	Leg	11	103	3964	449
 -74.327	30.828	Leg	11	104	3811	617
 -69.173	34.895	Leg	11	105	5251	633
 -69.446	36.427	Leg	11	106	4500	1364
 -72.475	38.660	Leg	11	107	2571	78
 -72.653	38.804	Leg	11	108	1845	209
 -46.367	50.426	Leg	12	111	1797	449
 -46.604	54.017	Leg	12	112	3657	779
 -48.332	56.790	Leg	12	113	3619	863
 -26.800	59.933	Leg	12	114	1927	623
 -21.117	58.907	Leg	12	115	2883	228
 -15.924	57.496	Leg	12	116	1151	940
 -15.399	57.336	Leg	12	117	1038	469
  -9.011	45.044	Leg	12	118	4901	761
  -7.975	45.032	Leg	12	119	4447	711
 -11.432	36.690	Leg	13	120	1711	253
  -4.374	36.161	Leg	13	121	1163	867
   2.624	40.448	Leg	13	122	2146	162
   2.838	40.630	Leg	13	123	2290	398
   4.995	38.873	Leg	13	124	2726	422
  20.429	34.625	Leg	13	125	2782	218
  21.427	35.162	Leg	13	126	3731	195
  22.497	35.732	Leg	13	127	4643	683
  22.468	35.710	Leg	13	128	4640	480
  27.082	34.349	Leg	13	129	2974	235
  27.866	33.605	Leg	13	130	2980	574
  28.512	33.106	Leg	13	131	3036	311
  11.441	40.262	Leg	13	132	2835	223
   7.335	39.200	Leg	13	133	2563	192
   7.304	39.195	Leg	13	134	2867	921
 -10.424	35.347	Leg	14	135	4152	687
 -16.303	34.169	Leg	14	136	4169	313
 -27.061	25.925	Leg	14	137	5361	401
 -25.563	25.923	Leg	14	138	5288	442
 -18.704	23.519	Leg	14	139	3047	665
 -21.792	21.750	Leg	14	140	4483	895
 -23.998	19.419	Leg	14	141	4148	298
 -42.392	3.369	Leg	14	142	4372	609
 -54.312	9.474	Leg	14	143	3493	23
 -54.342	9.454	Leg	14	144	2957	560
 -69.378	15.117	Leg	15	146	3949	867
 -65.174	10.710	Leg	15	147	892	480
 -63.721	13.419	Leg	15	148	1232	272
 -69.364	15.104	Leg	15	149	3972	390
 -69.356	14.511	Leg	15	150	4545	308
 -73.410	15.017	Leg	15	151	2029	381
 -74.608	15.879	Leg	15	152	3899	477
 -72.435	13.972	Leg	15	153	3932	776
 -80.380	11.085	Leg	15	154	3338	449
 -81.044	6.123	Leg	16	155	2752	536
 -85.236	6.623	Leg	16	158	1953	323
-122.288	12.332	Leg	16	159	4484	245
-130.880	11.704	Leg	16	160	4940	114
-139.954	10.671	Leg	16	161	4939	371
-140.043	14.870	Leg	16	162	4854	153
-150.292	11.244	Leg	16	163	5320	445
 -85.401	-1.680	Leg	16	156	2369	3
 -85.903	-1.762	Leg	16	157	2591	464
-161.517	13.202	Leg	17	164	5485	274
-164.860	8.178	Leg	17	165	5053	504
-175.080	3.762	Leg	17	166	4962	319
-176.825	7.068	Leg	17	167	3176	1185
 173.598	10.703	Leg	17	168	5430	85
 173.550	10.670	Leg	17	169	5415	246
 177.617	11.800	Leg	17	170	5792	196
-169.460	19.132	Leg	17	171	2295	479
-133.373	31.537	Leg	18	172	4768	47
-125.452	39.962	Leg	18	173	2927	333
-126.352	44.890	Leg	18	174	2807	898
-125.242	44.837	Leg	18	175	1999	271
-124.617	45.933	Leg	18	176	193	41
-130.205	50.470	Leg	18	177	2006	468
-147.131	56.956	Leg	18	178	4218	794
-145.989	56.409	Leg	18	179	3781	109
-147.856	57.363	Leg	18	180	4923	470
-148.465	57.438	Leg	18	181	3086	369
-148.720	57.882	Leg	18	182	1426	289
-161.206	52.572	Leg	19	183	4708	518
-170.923	53.711	Leg	19	184	1910	1574
-169.243	54.429	Leg	19	185	2110	728
-174.006	51.130	Leg	19	186	4522	926
-173.953	51.110	Leg	19	187	4567	370
 178.659	53.754	Leg	19	188	2649	638
 170.223	54.036	Leg	19	189	3437	871
 171.640	55.559	Leg	19	190	3875	627
 168.179	56.945	Leg	19	191	3857	969
 164.714	53.010	Leg	19	192	3014	1999
 155.871	45.803	Leg	19	193	4811	71
 148.811	33.978	Leg	20	194	5754	248
 146.979	32.773	Leg	20	195	5968	670
 148.575	30.116	Leg	20	196	6194	377
 147.674	30.291	Leg	20	197	6153	283
 154.584	25.826	Leg	20	198	5958	258
 156.172	13.513	Leg	20	199	6100	456
 156.783	12.837	Leg	20	200	1479	246
 156.952	12.815	Leg	20	202	1515	153
-177.546	-22.154	Leg	21	203	2720	409
-174.112	-24.954	Leg	21	204	5354	245
 177.899	-25.517	Leg	21	205	4320	355
 165.452	-32.013	Leg	21	206	3196	1150
 165.434	-36.962	Leg	21	207	1389	560
 161.221	-26.110	Leg	21	208	1545	594
 152.188	-15.937	Leg	21	209	1428	353
 152.896	-13.767	Leg	21	210	4643	711
  90.208	1.462	Leg	22	216	2237	636
  90.539	8.926	Leg	22	217	3010	1278
  86.283	8.007	Leg	22	218	3749	773
 102.699	-9.775	Leg	22	211	5518	447
  99.297	-19.189	Leg	22	212	6233	521
  93.896	-10.212	Leg	22	213	5601	304
  88.718	-11.337	Leg	22	214	1655	500
  86.792	-8.122	Leg	22	215	5309	175
  72.878	9.029	Leg	23	219	1764	684
  70.984	6.516	Leg	23	220	4036	350
  68.406	7.970	Leg	23	221	4650	270
  61.509	20.091	Leg	23	222	3546	1300
  60.130	18.750	Leg	23	223	3633	740
  59.702	16.542	Leg	23	224	2500	792
  38.252	21.310	Leg	23	225	1228	230
  38.082	21.342	Leg	23	226	2169	14
  38.133	21.331	Leg	23	227	1795	359
  39.003	19.086	Leg	23	228	1038	325
  42.191	14.768	Leg	23	229	852	320
  41.834	15.317	Leg	23	230	832	9
  48.245	11.890	Leg	24	231	2152	584
  51.914	14.482	Leg	24	232	1734	607
  52.135	14.328	Leg	24	233	1839	447
  51.225	4.483	Leg	24	234	4721	494
  52.694	3.234	Leg	24	235	5130	684
  57.648	-1.677	Leg	24	236	4487	327
  58.125	-7.083	Leg	24	237	1623	693
  70.526	-11.153	Leg	24	238	2832	586
  51.679	-21.294	Leg	25	239	4971	326
  50.054	-3.487	Leg	25	240	5082	397
  44.679	-2.371	Leg	25	241	4054	1174
  41.821	-15.844	Leg	25	242	2275	676
  41.400	-22.908	Leg	25	243	3879	6
  41.433	-22.931	Leg	25	244	3768	3
  52.302	-31.534	Leg	25	245	4857	545
  45.160	-33.620	Leg	25	246	1030	194
  45.011	-33.626	Leg	25	247	944	8
  37.475	-29.530	Leg	25	248	4994	434
  36.077	-29.950	Leg	25	249	2098	412
  39.369	-33.462	Leg	26	250	5119	802
  49.486	-36.504	Leg	26	251	3499	586
  59.239	-37.041	Leg	26	252	5032	247
  87.366	-24.878	Leg	26	253	1962	559
  87.895	-30.969	Leg	26	254	1253	343
  93.729	-31.131	Leg	26	255	1144	108
 100.774	-23.456	Leg	26	256	5361	270
 108.350	-30.986	Leg	26	257	5278	326
 112.474	-33.795	Leg	26	258	2793	658
 112.696	-29.617	Leg	27	259	4696	346
 110.299	-16.145	Leg	27	260	5702	332
 117.893	-12.947	Leg	27	261	5667	579
 123.846	-10.870	Leg	27	262	2298	442
 110.963	-23.324	Leg	27	263	5048	746
 112.045	-34.969	Leg	28	264	2876	374
 109.946	-53.541	Leg	28	265	3581	462
 110.112	-56.402	Leg	28	266	4167	384
 104.488	-59.262	Leg	28	267	4522	613
 105.156	-63.950	Leg	28	268	3529	474
 140.070	-61.676	Leg	28	269	4282	1355
-178.503	-77.441	Leg	28	270	633	422
-175.048	-76.721	Leg	28	271	562	265
-176.760	-77.127	Leg	28	272	619	443
 174.626	-74.538	Leg	28	273	491	423
 173.427	-68.997	Leg	28	274	3305	421
 176.316	-50.439	Leg	29	275	2800	62
 176.807	-50.802	Leg	29	276	4671	1
 166.191	-52.224	Leg	29	277	1214	472
 160.071	-56.557	Leg	29	278	3675	473
 162.635	-51.336	Leg	29	279	3341	202
 147.235	-48.957	Leg	29	280	4176	530
 147.764	-47.997	Leg	29	281	1591	214
 143.486	-42.246	Leg	29	282	4202	310
 154.283	-43.910	Leg	29	283	4729	612
 167.680	-40.508	Leg	29	284	1066	283
 175.804	-26.819	Leg	30	285	4658	667
 166.370	-16.532	Leg	30	286	4465	706
 153.266	-13.911	Leg	30	287	4632	252
 161.826	-5.973	Leg	30	288	3000	1493
 158.512	-0.499	Leg	30	289	2206	1271
 133.468	17.747	Leg	31	290	6062	395
 127.831	12.807	Leg	31	291	5217	242
 124.651	15.819	Leg	31	292	2943	443
 124.094	20.354	Leg	31	293	5599	563
 131.536	22.579	Leg	31	294	5784	118
 131.367	22.563	Leg	31	295	5808	158
 133.525	29.340	Leg	31	296	2920	1087
 134.165	30.873	Leg	31	297	4458	679
 133.604	31.715	Leg	31	298	4628	671
 137.662	39.495	Leg	31	299	2599	532
 136.105	41.049	Leg	31	300	3427	0
 134.048	41.062	Leg	31	301	3520	497
 136.900	40.336	Leg	31	302	2399	531
 154.451	40.808	Leg	32	303	5609	522
 155.070	39.338	Leg	32	304	5630	347
 157.850	32.002	Leg	32	305	2903	640
 157.478	31.867	Leg	32	306	3399	475
 161.005	28.588	Leg	32	307	5696	316
 172.150	34.982	Leg	32	308	1331	68
 171.561	34.905	Leg	32	309	1454	2
 176.901	36.868	Leg	32	310	3516	546
 179.738	28.124	Leg	32	311	5775	37
-170.952	20.175	Leg	32	313	3484	606
-168.468	15.913	Leg	33	314	5214	0
-158.526	4.171	Leg	33	315	4152	1099
-157.129	0.091	Leg	33	316	4451	837
-162.263	-11.002	Leg	33	317	2598	1719
-146.858	-14.827	Leg	33	318	2641	745
-101.524	-13.017	Leg	34	319	4290	273
 -83.530	-9.007	Leg	34	320	4483	303
 -81.904	-12.021	Leg	34	321	4817	134
 -79.425	-60.024	Leg	35	322	5026	544
 -97.995	-63.681	Leg	35	323	5004	731
 -98.787	-69.053	Leg	35	324	4433	218
 -73.673	-65.046	Leg	35	325	3748	718
 -65.303	-56.583	Leg	36	326	3812	9
 -46.784	-50.871	Leg	36	327	2400	474
 -36.659	-49.811	Leg	36	328	5095	885
 -46.096	-50.655	Leg	36	329	1519	464
 -46.883	-50.920	Leg	36	330	2626	628
 -38.115	-37.883	Leg	36	331	5077	18
 -33.641	36.879	Leg	37	332	1810	1469
 -33.667	36.841	Leg	37	333	1666	760
 -34.414	37.035	Leg	37	334	2619	376
 -35.199	37.296	Leg	37	335	3188	562
  -7.788	63.351	Leg	38	336	811	515
  -5.342	64.872	Leg	38	337	2631	132
   5.388	67.785	Leg	38	338	1297	437
   6.317	67.211	Leg	38	339	1262	108
   6.306	67.208	Leg	38	340	1206	104
   6.111	67.335	Leg	38	341	1439	456
   4.934	67.951	Leg	38	342	1303	170
   5.762	68.715	Leg	38	343	3131	284
   7.875	76.150	Leg	38	344	2156	414
  -1.238	69.837	Leg	38	345	3195	802
  -8.685	69.889	Leg	38	346	732	187
  -8.697	69.872	Leg	38	347	745	190
 -12.462	68.503	Leg	38	348	1763	544
  -8.097	69.207	Leg	38	349	915	319
  -8.295	67.056	Leg	38	350	1275	388
 -12.471	63.650	Leg	38	352	990	177
 -44.038	10.915	Leg	39	353	5164	632
 -44.196	5.899	Leg	39	354	4045	900
 -30.601	-15.710	Leg	39	355	4901	461
 -41.088	-28.287	Leg	39	356	3175	779
 -35.560	-30.004	Leg	39	357	2086	797
 -35.964	-37.655	Leg	39	358	4962	826
  -4.497	-34.985	Leg	39	359	1655	131
  18.096	-35.846	Leg	40	360	2949	839
  15.448	-35.066	Leg	40	361	4549	1314
  10.533	-19.758	Leg	40	362	1325	1886
   9.047	-19.646	Leg	40	363	2248	715
  11.972	-11.572	Leg	40	364	2448	1086
  11.895	-11.652	Leg	40	365	3018	687
 -19.851	5.678	Leg	41	366	2853	1217
 -20.047	12.487	Leg	41	367	4748	1153
 -21.354	17.507	Leg	41	368	3366	984
 -14.999	26.593	Leg	41	369	1752	529
 -10.776	32.837	Leg	41	370	4214	1176
   5.259	37.598	Leg	42	371	2792	551
   4.796	40.080	Leg	42	372	2699	885
  12.993	39.728	Leg	42	373	3517	457
  18.196	35.848	Leg	42	374	4078	457
  31.760	34.762	Leg	42	375	1900	821
  31.808	34.872	Leg	42	376	2101	216
  21.431	35.162	Leg	42	377	3718	263
  25.116	35.928	Leg	42	378	1835	655
  36.012	43.005	Leg	42	379	2165	790
  29.614	42.099	Leg	42	380	2107	1453
  29.416	41.671	Leg	42	381	1728	503
 -56.538	34.417	Leg	43	382	5526	520
 -53.353	39.248	Leg	43	383	5283	120
 -51.663	40.361	Leg	43	384	3909	330
 -60.157	37.370	Leg	43	385	4936	392
 -64.249	31.187	Leg	43	386	4782	973
 -67.667	32.320	Leg	43	387	5117	794
 -69.396	35.522	Leg	44	388	4919	341
 -76.093	30.142	Leg	44	389	2714	39
 -76.112	30.142	Leg	44	390	2665	348
 -75.616	28.227	Leg	44	391	4974	2084
 -76.178	29.910	Leg	44	392	2601	408
 -75.599	28.197	Leg	44	393	4951	66
 -75.596	28.195	Leg	44	394	4957	364
 -46.082	22.756	Leg	45	395	4494	848
 -43.516	22.481	Leg	45	396	4450	221
 -43.515	22.986	Leg	46	396	4459	424
 -15.180	26.845	Leg	47	397	2900	2453
 -10.718	40.960	Leg	47	398	3910	2395
  -9.222	47.390	Leg	48	399	4399	72
  -9.198	47.382	Leg	48	400	4399	786
  -8.810	47.428	Leg	48	401	2495	341
  -8.841	47.875	Leg	48	402	2339	606
 -23.294	56.139	Leg	48	403	2301	489
 -23.249	56.052	Leg	48	404	2306	389
 -22.058	55.336	Leg	48	405	2958	407
 -22.090	55.258	Leg	48	406	2907	831
 -30.576	63.939	Leg	49	407	2472	458
 -28.912	63.377	Leg	49	408	1624	361
 -25.953	62.616	Leg	49	409	832	319
 -29.476	45.509	Leg	49	410	2976	769
 -33.388	36.766	Leg	49	411	1935	157
 -33.166	36.562	Leg	49	412	2609	465
 -33.175	36.543	Leg	49	413	2598	149
 -11.652	31.029	Leg	50	415	2794	1426
 -10.801	32.836	Leg	50	416	4191	1626
 -68.044	25.111	Leg	51	417	5475	963
 -68.047	25.111	Leg	52	417	5482	708
 -68.057	25.035	Leg	52	418	5511	576
 -68.057	25.035	Leg	53	418	5514	1197
-105.687	8.929	Leg	54	419	3274	43
-106.109	9.005	Leg	54	420	3381	153
-106.061	9.024	Leg	54	421	3339	114
-105.271	9.177	Leg	54	422	3247	73
-105.109	9.147	Leg	54	423	3161	53
 -86.130	0.595	Leg	54	424	2699	191
 -86.070	1.395	Leg	54	425	2850	110
-104.606	8.113	Leg	54	427	3834	174
-105.436	9.046	Leg	54	428	3326	191
-106.769	9.034	Leg	54	429	3416	57
 170.597	37.987	Leg	55	430	1465	135
 170.544	42.424	Leg	55	431	1704	26
 170.379	41.334	Leg	55	432	1310	79
 170.021	44.777	Leg	55	433	1868	916
 144.102	39.747	Leg	56	434	5986	1099
 143.793	39.735	Leg	56	435	3401	395
 145.558	39.933	Leg	56	436	5240	397
 145.666	39.897	Leg	56	437	5227	0
 143.238	40.630	Leg	57	438	1558	2028
 143.310	40.627	Leg	57	439	1656	1157
 143.929	39.737	Leg	57	440	4509	1026
 144.077	39.751	Leg	57	441	5644	1622
 136.057	28.983	Leg	58	442	4637	769
 137.440	29.328	Leg	58	443	4372	581
 137.684	28.637	Leg	58	444	4843	401
 133.208	25.523	Leg	58	445	3377	892
 132.775	24.701	Leg	58	446	4952	1049
 133.290	18.015	Leg	59	447	6022	305
 134.874	16.341	Leg	59	448	3483	1498
 136.536	18.031	Leg	59	449	4712	151
 140.789	18.000	Leg	59	450	4707	340
 143.276	18.015	Leg	59	451	2060	930
 148.629	17.670	Leg	60	452	5859	74
 143.683	17.907	Leg	60	453	4693	605
 144.532	18.013	Leg	60	454	3816	210
 145.358	17.854	Leg	60	455	3465	104
 145.180	17.912	Leg	60	456	3586	328
 145.817	17.833	Leg	60	457	2630	51
 146.934	17.864	Leg	60	458	3447	465
 147.302	17.863	Leg	60	459	4121	717
 147.592	17.668	Leg	60	460	6448	184
 147.687	17.767	Leg	60	461	7034	36
 165.031	7.240	Leg	61	462	5179	1685
 174.668	21.350	Leg	62	463	2525	822
 173.889	39.861	Leg	62	464	4637	308
 178.919	33.821	Leg	62	465	2161	572
 179.256	34.191	Leg	62	466	2665	312
-120.758	33.849	Leg	63	467	2128	1041
-120.112	32.621	Leg	63	468	1774	692
-120.548	32.617	Leg	63	469	3790	453
-117.519	28.908	Leg	63	470	3549	383
-112.496	23.482	Leg	63	471	3101	823
-113.995	23.006	Leg	63	472	3831	232
-107.064	20.965	Leg	63	473	3249	287
-108.979	22.961	Leg	64	474	3022	808
-109.059	23.055	Leg	64	475	2589	308
-109.089	23.041	Leg	64	476	2403	297
-111.399	27.030	Leg	64	477	2003	462
-111.507	27.097	Leg	64	478	1889	464
-111.625	27.846	Leg	64	479	747	440
-111.656	27.902	Leg	64	480	655	152
-111.508	27.253	Leg	64	481	1998	426
-107.993	22.789	Leg	65	482	2999	792
-108.746	22.883	Leg	65	483	3070	585
-108.394	23.187	Leg	65	484	2887	66
-107.904	22.749	Leg	65	485	2981	381
 -99.136	15.918	Leg	66	486	5140	60
 -99.175	15.854	Leg	66	487	4764	190
 -99.028	15.952	Leg	66	488	4254	428
 -99.019	16.270	Leg	66	489	1240	380
 -99.056	16.159	Leg	66	490	1761	588
 -98.972	16.029	Leg	66	491	2883	542
 -98.945	16.079	Leg	66	492	1937	639
 -98.925	16.381	Leg	66	493	645	808
 -90.933	12.717	Leg	67	494	5472	404
 -91.038	12.496	Leg	67	495	4140	455
 -90.795	13.064	Leg	67	496	2049	378
 -90.828	12.987	Leg	67	497	2347	396
 -90.916	12.711	Leg	67	498	5478	381
 -90.947	12.673	Leg	67	499	6107	1037
 -90.942	12.686	Leg	67	500	6091	419
 -83.734	1.227	Leg	68	501	3457	337
 -79.379	11.491	Leg	68	502	3051	757
 -95.637	4.056	Leg	68	503	3672	352
 -83.732	1.227	Leg	69	504	3459	1003
 -83.789	1.917	Leg	69	505	3523	628
 -83.730	1.227	Leg	70	504	3460	836
 -86.093	0.608	Leg	70	506	2707	216
 -86.090	0.567	Leg	70	507	2696	173
 -86.100	0.533	Leg	70	508	2779	146
 -86.132	0.589	Leg	70	509	2682	66
 -86.410	1.613	Leg	70	510	2781	132
 -46.972	-51.005	Leg	71	511	2589	632
 -40.845	-49.870	Leg	71	512	1845	167
 -24.640	-47.583	Leg	71	513	4373	481
 -26.855	-46.046	Leg	71	514	4318	150
 -36.503	-26.239	Leg	72	515	4251	799
 -35.285	-30.276	Leg	72	516	1313	1567
 -38.041	-30.947	Leg	72	517	2963	50
 -38.135	-29.974	Leg	72	518	3944	76
 -11.666	-26.137	Leg	73	519	3769	331
 -11.186	-25.523	Leg	73	520	4207	475
 -10.262	-26.075	Leg	73	521	4127	155
  -5.130	-26.114	Leg	73	522	4441	475
  -2.251	-28.552	Leg	73	523	4562	197
   3.512	-29.484	Leg	73	524	4796	425
   2.985	-29.071	Leg	74	525	2467	967
   3.138	-30.123	Leg	74	526	1054	619
   1.763	-28.041	Leg	74	527	4428	384
   2.320	-28.522	Leg	74	528	3807	685
   2.768	-28.930	Leg	74	529	3043	417
   9.386	-19.188	Leg	75	530	4629	1426
   9.590	-19.640	Leg	75	531	1267	2
  10.519	-19.744	Leg	75	532	1331	741
 -74.870	31.260	Leg	76	533	3191	566
 -75.382	28.343	Leg	76	534	4972	1754
 -84.516	23.708	Leg	77	535	3450	714
 -85.210	23.490	Leg	77	536	2790	213
 -85.460	23.933	Leg	77	537	3123	225
 -85.168	23.849	Leg	77	538	2781	338
 -84.420	23.788	Leg	77	539	3082	14
 -84.371	23.829	Leg	77	540	2926	745
 -58.728	15.520	Leg	78	541	4940	459
 -58.713	15.518	Leg	78	542	5016	565
 -58.654	15.712	Leg	78	543	5633	779
  -9.405	33.767	Leg	79	544	3589	280
  -9.365	33.664	Leg	79	545	3142	701
  -9.564	33.779	Leg	79	546	3958	192
  -9.350	33.781	Leg	79	547	3938	1774
 -12.164	48.916	Leg	80	548	1251	762
 -13.098	49.088	Leg	80	549	2514	1202
 -13.439	48.516	Leg	80	550	4420	1257
 -13.502	48.911	Leg	80	551	3887	201
 -23.231	56.043	Leg	81	552	2301	497
 -23.343	56.089	Leg	81	553	2329	739
 -23.528	56.290	Leg	81	554	2575	285
 -20.782	56.562	Leg	81	555	1659	964
 -34.685	38.940	Leg	82	556	3672	639
 -32.560	38.833	Leg	82	557	2143	463
 -37.343	37.770	Leg	82	558	3754	693
 -40.917	35.124	Leg	82	559	2754	301
 -38.843	34.722	Leg	82	560	3443	421
 -39.028	34.785	Leg	82	561	3457	426
 -41.679	33.142	Leg	82	562	3172	331
 -43.767	33.642	Leg	82	563	3786	382
 -43.767	33.739	Leg	82	564	3820	365
 -83.730	1.227	Leg	83	504	3460	1350
 -86.091	9.728	Leg	84	565	3099	328
 -90.695	12.808	Leg	84	566	3723	248
 -90.933	12.716	Leg	84	567	5500	677
 -90.800	13.072	Leg	84	568	2010	417
 -90.843	12.938	Leg	84	569	2769	615
 -91.393	13.285	Leg	84	570	1698	401
-114.142	3.997	Leg	85	571	3962	7
-113.842	1.435	Leg	85	572	3893	1003
-133.310	0.498	Leg	85	573	4301	745
-133.330	4.209	Leg	85	574	4561	1119
-135.036	5.850	Leg	85	575	4536	441
 164.275	32.356	Leg	86	576	6217	209
 157.723	32.442	Leg	86	577	2675	356
 151.629	33.926	Leg	86	578	6010	176
 153.837	38.627	Leg	86	579	5737	167
 153.976	41.624	Leg	86	580	5375	155
 159.796	43.927	Leg	86	581	5476	352
 133.913	31.775	Leg	87	582	4879	827
 133.856	31.833	Leg	87	583	4645	1698
 143.952	40.467	Leg	87	584	4086	2796
 159.797	43.926	Leg	88	581	5467	1115
 165.032	7.242	Leg	89	462	5177	1209
 156.815	13.483	Leg	89	585	6109	1656
 158.498	-0.497	Leg	89	586	2207	1202
 161.333	-21.185	Leg	90	587	0	147
 161.227	-26.112	Leg	90	588	0	1355
 163.640	-30.712	Leg	90	589	0	36
 163.358	-31.167	Leg	90	590	0	806
 164.449	-31.584	Leg	90	591	0	1068
 165.442	-36.473	Leg	90	592	0	388
 167.674	-40.508	Leg	90	593	0	1068
 174.948	-45.523	Leg	90	594	0	1187
-165.528	-23.822	Leg	91	595	0	244
-165.655	-23.853	Leg	91	596	0	180
-129.770	-18.807	Leg	92	597	0	320
-124.677	-19.005	Leg	92	598	0	52
-119.881	-19.451	Leg	92	599	0	118
-116.840	-18.929	Leg	92	600	0	40
-116.868	-18.920	Leg	92	601	0	64
-116.911	-18.907	Leg	92	602	0	12
 -83.730	1.227	Leg	92	504	3464	0
 -70.029	35.495	Leg	93	603	-999	2774
 -72.555	38.716	Leg	93	604	-999	578
 -72.609	38.742	Leg	93	605	-999	816
 -35.500	37.339	Leg	94	606	-999	344
 -32.957	41.001	Leg	94	607	-999	595
 -23.087	42.837	Leg	94	608	-999	676
 -24.238	49.878	Leg	94	609	-999	987
 -18.890	53.222	Leg	94	610	-999	1853
 -30.313	52.839	Leg	94	611	-999	1048
 -70.023	36.499	Leg	95	603	-999	3044
 -72.774	38.820	Leg	95	612	-999	675
 -72.524	38.771	Leg	95	613	-999	581
 -86.137	25.068	Leg	96	614	3310	187
 -85.992	25.222	Leg	96	615	3418	731
 -86.881	26.811	Leg	96	616	2983	707
 -88.528	26.699	Leg	96	617	2467	265
 -91.262	27.011	Leg	96	618	2412	140
 -91.409	27.194	Leg	96	619	2259	214
 -88.371	26.835	Leg	96	620	2608	422
 -88.496	26.731	Leg	96	621	2481	214
 -88.380	26.690	Leg	96	622	2491	213
 -86.231	25.768	Leg	96	623	3177	202
 -86.277	25.754	Leg	96	624	3183	407
 -87.160	28.832	Leg	100	625	889	514
 -79.547	25.600	Leg	101	626	854	824
 -78.294	27.635	Leg	101	627	1031	544
 -78.316	27.531	Leg	101	628	974	298
 -78.368	27.407	Leg	101	629	563	27
 -78.341	27.449	Leg	101	630	815	340
 -75.743	23.587	Leg	101	631	1102	244
 -75.436	23.841	Leg	101	632	2007	424
 -75.624	23.689	Leg	101	633	1690	227
 -77.315	25.384	Leg	101	634	2864	479
 -77.332	25.419	Leg	101	635	3464	137
 -77.306	25.419	Leg	101	636	3581	21
 -12.863	42.088	Leg	103	637	5321	285
 -12.197	42.153	Leg	103	638	4673	1022
 -12.253	42.143	Leg	103	639	4763	1052
 -12.463	42.017	Leg	103	640	5201	232
 -12.182	42.155	Leg	103	641	4648	403
   2.929	67.222	Leg	104	642	1292	1990
   1.033	67.715	Leg	104	643	2780	565
   4.577	66.678	Leg	104	644	1226	380
 -64.655	70.457	Leg	105	645	2018	1980
 -48.369	58.209	Leg	105	646	3459	870
 -45.262	53.331	Leg	105	647	3870	839
 -44.947	22.922	Leg	106	648	3322	37
 -44.951	23.369	Leg	106	649	3524	63
  13.901	39.357	Leg	107	650	3516	736
  12.757	40.151	Leg	107	651	3578	550
  12.143	40.355	Leg	107	652	3446	721
  11.450	40.264	Leg	107	653	2817	505
  10.697	40.579	Leg	107	654	2208	473
  12.465	40.181	Leg	107	655	3290	286
  12.187	40.185	Leg	107	656	3597	358
 -20.949	21.331	Leg	108	657	4232	344
 -18.581	20.749	Leg	108	658	2274	537
 -21.026	18.077	Leg	108	659	3082	671
 -19.246	10.014	Leg	108	660	4343	313
 -19.386	9.447	Leg	108	661	4023	377
 -23.227	0.107	Leg	108	664	3807	633
 -19.668	2.951	Leg	108	665	4746	179
 -20.167	3.497	Leg	108	666	4519	150
 -21.911	4.569	Leg	108	667	3529	520
 -20.927	4.769	Leg	108	668	2693	40
 -11.739	-1.390	Leg	108	662	3824	388
 -11.879	-1.198	Leg	108	663	3706	299
 -46.082	22.758	Leg	109	395	4490	0
 -44.947	22.922	Leg	109	648	3341	50
 -45.046	23.517	Leg	109	669	1979	4
 -45.032	23.167	Leg	109	670	3625	92
 -58.732	15.526	Leg	110	671	4946	1671
 -58.641	15.540	Leg	110	672	4984	493
 -58.726	15.532	Leg	110	673	4683	367
 -58.852	15.538	Leg	110	674	4561	452
 -58.717	15.530	Leg	110	675	5019	388
 -58.703	15.531	Leg	110	676	5070	310
 -83.730	1.227	Leg	111	504	3474	1562
 -83.737	1.202	Leg	111	677	3472	402
 -83.723	1.217	Leg	111	678	3464	172
 -78.271	-11.062	Leg	112	679	454	794
 -78.078	-11.065	Leg	112	680	272	323
 -77.958	-10.977	Leg	112	681	161	421
 -79.062	-11.267	Leg	112	682	3801	436
 -80.406	-9.027	Leg	112	683	3082	907
 -79.956	-8.992	Leg	112	684	438	306
 -80.584	-9.113	Leg	112	685	5093	468
 -76.891	-13.480	Leg	112	686	456	508
 -76.990	-12.863	Leg	112	687	316	402
 -78.943	-11.538	Leg	112	688	3829	2193
   3.100	-64.517	Leg	113	689	2091	470
   1.205	-65.161	Leg	113	690	2925	542
 -13.810	-70.743	Leg	113	691	3043	14
 -13.820	-70.724	Leg	113	692	2888	104
 -14.574	-70.832	Leg	113	693	2371	885
 -33.447	-66.847	Leg	113	694	4665	589
 -43.452	-62.391	Leg	113	695	1311	345
 -42.933	-61.849	Leg	113	696	661	748
 -40.292	-61.810	Leg	113	697	3492	343
 -33.099	-51.459	Leg	114	698	2137	237
 -30.677	-51.542	Leg	114	699	3705	518
 -30.278	-51.533	Leg	114	700	3601	498
 -23.212	-51.985	Leg	114	701	4636	759
 -26.369	-50.946	Leg	114	702	3083	327
   7.895	-47.051	Leg	114	703	1796	377
   7.421	-46.880	Leg	114	704	2532	954
  73.787	5.060	Leg	115	714	2041	355
  73.831	5.082	Leg	115	715	2273	287
  73.283	4.933	Leg	115	716	544	521
  61.384	-13.167	Leg	115	705	2318	27
  61.371	-13.114	Leg	115	706	2517	212
  59.017	-7.545	Leg	115	707	1552	781
  59.944	-5.456	Leg	115	708	4107	236
  60.552	-3.915	Leg	115	709	3045	811
  60.980	-4.312	Leg	115	710	3822	293
  61.163	-2.743	Leg	115	711	4439	348
  73.406	-4.216	Leg	115	712	2903	115
  73.394	-4.193	Leg	115	713	2920	191
  81.390	-0.930	Leg	116	717	4746	851
  81.401	-1.021	Leg	116	718	4741	2005
  81.400	-0.961	Leg	116	719	4747	925
  60.744	16.131	Leg	117	720	4045	414
  59.864	16.678	Leg	117	721	1949	648
  59.795	16.622	Leg	117	722	2033	845
  57.609	18.052	Leg	117	723	816	938
  57.786	18.462	Leg	117	724	602	554
  57.701	18.487	Leg	117	725	323	261
  57.371	17.816	Leg	117	726	340	186
  57.589	17.768	Leg	117	727	920	209
  57.826	17.680	Leg	117	728	1434	694
  57.955	17.645	Leg	117	729	1404	109
  57.692	17.731	Leg	117	730	1076	403
  59.703	16.471	Leg	117	731	2371	1860
  57.050	-32.547	Leg	118	732	4868	63
  56.980	-33.087	Leg	118	733	4677	50
  57.123	-32.112	Leg	118	734	3627	149
  57.269	-32.723	Leg	118	735	734	507
  71.662	-49.403	Leg	119	736	639	650
  73.032	-50.228	Leg	119	737	575	988
  82.788	-62.709	Leg	119	738	2263	750
  75.082	-67.285	Leg	119	739	423	499
  76.682	-68.764	Leg	119	740	821	227
  76.382	-68.387	Leg	119	741	562	128
  75.409	-67.553	Leg	119	742	426	316
  74.691	-66.916	Leg	119	743	999	98
  80.595	-61.579	Leg	119	744	2318	280
  85.854	-59.595	Leg	119	745	4093	225
  85.868	-59.569	Leg	119	746	4070	280
  76.794	-54.811	Leg	120	747	1706	656
  78.998	-58.441	Leg	120	748	1300	1179
  76.407	-58.717	Leg	120	749	1080	382
  81.240	-57.592	Leg	120	750	2041	1170
  79.815	-57.726	Leg	120	751	1644	166
  90.361	5.384	Leg	121	758	2935	782
  93.578	-30.891	Leg	121	752	1097	753
  93.590	-30.839	Leg	121	753	1187	163
  93.567	-30.941	Leg	121	754	1075	526
  93.547	-31.030	Leg	121	755	1069	208
  87.597	-27.355	Leg	121	756	1527	494
  88.181	-17.024	Leg	121	757	1659	804
 115.560	-16.954	Leg	122	759	2103	336
 115.541	-16.922	Leg	122	760	1981	790
 115.535	-16.737	Leg	122	761	2179	732
 112.254	-19.887	Leg	122	762	1371	1124
 112.209	-20.587	Leg	122	763	1379	1885
 115.457	-16.566	Leg	122	764	2710	363
 117.575	-15.976	Leg	123	765	5728	2564
 110.454	-19.932	Leg	123	766	4008	527
 123.503	4.791	Leg	124	767	4916	1534
 121.220	8.000	Leg	124	768	4396	1642
 121.295	8.785	Leg	124	769	3656	732
 123.669	5.145	Leg	124	770	4516	1014
 120.680	8.678	Leg	124	771	2870	304
 119.702	16.652	Leg	124	772	1540	361
 121.653	20.206	Leg	124	773	1604	239
 121.735	20.598	Leg	124	774	1094	0
 121.716	19.851	Leg	124	775	506	37
 143.683	17.907	Leg	124	776	4713	0
 148.688	17.698	Leg	124	777	5813	259
 146.666	19.499	Leg	125	778	3924	107
 146.696	19.512	Leg	125	779	3958	326
 146.654	19.542	Leg	125	780	3099	217
 146.543	19.632	Leg	125	781	4432	250
 141.314	30.860	Leg	125	782	2970	945
 141.788	30.964	Leg	125	783	4660	168
 141.738	30.908	Leg	125	784	4912	425
 140.920	30.825	Leg	125	785	2672	104
 141.226	31.875	Leg	125	786	3076	995
 140.749	32.376	Leg	126	787	3265	354
 140.004	30.922	Leg	126	788	1112	717
 139.998	30.920	Leg	126	789	1129	54
 139.842	30.914	Leg	126	790	2233	563
 139.870	30.916	Leg	126	791	2279	1602
 140.380	32.399	Leg	126	792	1798	1419
 140.888	31.106	Leg	126	793	2975	1781
 138.231	40.190	Leg	127	794	2821	1554
 138.966	43.987	Leg	127	795	3310	1128
 139.412	42.849	Leg	127	796	2608	707
 134.536	38.616	Leg	127	797	2874	1408
 138.232	40.182	Leg	128	794	2815	1133
 134.800	37.038	Leg	128	798	912	781
 133.867	39.220	Leg	128	799	2084	1805
 152.323	21.923	Leg	129	800	5697	544
 156.360	18.642	Leg	129	801	5685	1299
 153.210	12.096	Leg	129	802	5980	559
 160.540	2.433	Leg	130	803	3410	1010
 161.650	0.937	Leg	130	804	3861	498
 160.529	1.228	Leg	130	805	3187	1134
 159.361	0.319	Leg	130	806	2520	1603
 156.625	3.607	Leg	130	807	2805	2629
 134.944	32.352	Leg	131	808	4685	4130
 139.878	31.058	Leg	132	809	2773	119
 157.846	32.423	Leg	132	810	2633	205
 148.158	-16.515	Leg	133	811	948	662
 149.605	-17.814	Leg	133	812	473	627
 149.494	-17.833	Leg	133	813	550	421
 149.514	-17.833	Leg	133	814	532	300
 149.993	-19.151	Leg	133	815	477	509
 150.010	-19.199	Leg	133	816	449	524
 149.758	-18.158	Leg	133	817	1027	1261
 150.042	-18.063	Leg	133	818	759	312
 146.325	-16.624	Leg	133	819	577	400
 146.304	-16.637	Leg	133	820	289	544
 146.289	-16.647	Leg	133	821	223	565
 146.215	-16.423	Leg	133	822	967	433
 146.784	-16.616	Leg	133	823	1649	1936
 147.762	-16.445	Leg	133	824	1013	1291
 148.158	-16.516	Leg	133	825	951	847
 150.010	-19.226	Leg	133	826	437	250
 166.352	-15.295	Leg	134	827	2803	511
 166.284	-15.288	Leg	134	828	3084	240
 166.345	-15.315	Leg	134	829	2908	668
 166.780	-15.950	Leg	134	830	1015	729
 166.673	-16.009	Leg	134	831	1066	968
 167.573	-14.796	Leg	134	832	3089	1322
 167.880	-14.876	Leg	134	833	2628	1200
-177.862	-18.568	Leg	135	834	2703	584
-177.303	-18.501	Leg	135	835	2917	342
-176.500	-20.142	Leg	135	836	2460	96
-176.823	-20.222	Leg	135	837	2764	183
-176.890	-20.827	Leg	135	838	2334	413
-176.775	-20.709	Leg	135	839	2629	735
-175.749	-22.221	Leg	135	840	755	861
-175.297	-23.346	Leg	135	841	4821	1795
-159.088	19.336	Leg	136	842	4441	415
-159.095	19.342	Leg	136	843	4416	560
 -83.730	1.227	Leg	137	504	3474	1621
 -90.481	7.921	Leg	138	844	3414	514
 -94.590	9.583	Leg	138	845	3704	542
 -95.320	0.193	Leg	138	847	3334	618
-110.520	0.183	Leg	138	849	3838	791
-110.521	1.297	Leg	138	850	3786	474
-110.572	2.770	Leg	138	851	3760	799
-110.076	5.293	Leg	138	852	3860	352
-109.751	7.211	Leg	138	853	3714	233
-109.594	11.224	Leg	138	854	3567	120
-128.637	48.443	Leg	139	855	2455	369
-128.680	48.435	Leg	139	856	2435	429
-128.714	48.442	Leg	139	857	2431	1646
-128.709	48.456	Leg	139	858	2424	1279
 -90.818	-3.096	Leg	138	846	3295	871
-110.480	-2.994	Leg	138	848	3854	291
 -83.730	1.227	Leg	140	504	3474	2000
 -34.748	9.514	Leg	142	864	2582	24
 -75.854	-45.895	Leg	141	859	2756	622
 -75.752	-45.886	Leg	141	860	2157	627
 -75.692	-45.850	Leg	141	861	1664	868
 -75.826	-46.508	Leg	141	862	1268	167
 -75.773	-46.237	Leg	141	863	2576	1040
-179.555	18.440	Leg	143	865	1528	1172
 174.314	21.333	Leg	143	866	1365	1861
 174.309	21.349	Leg	143	867	1363	86
 174.309	21.353	Leg	143	868	1396	20
 164.750	11.000	Leg	143	869	4838	962
 162.263	11.347	Leg	143	870	49	31
 172.344	5.557	Leg	144	871	1255	804
 162.866	10.097	Leg	144	872	1095	484
 164.920	11.897	Leg	144	873	1345	301
 164.940	12.004	Leg	144	874	1386	200
 164.941	12.013	Leg	144	875	1421	184
 164.932	12.247	Leg	144	876	1410	154
 164.922	12.019	Leg	144	877	1366	190
 151.884	27.319	Leg	144	878	1337	921
 144.309	34.174	Leg	144	879	1513	226
 144.312	34.209	Leg	144	880	1537	18
 161.492	47.103	Leg	145	881	5542	756
 167.600	50.363	Leg	145	882	3255	668
 167.769	51.199	Leg	145	883	2398	2956
 168.337	51.450	Leg	145	884	3836	2166
 168.272	44.688	Leg	145	885	5720	58
-168.240	44.690	Leg	145	886	5725	151
-148.446	54.365	Leg	145	887	3645	972
-126.663	48.167	Leg	146	888	2527	1176
-126.870	48.732	Leg	146	889	1324	1270
-126.881	48.663	Leg	146	890	1337	53
-125.326	44.644	Leg	146	891	2674	973
-125.119	44.674	Leg	146	892	685	753
-120.036	34.288	Leg	146	893	588	265
-101.525	2.300	Leg	147	894	3031	272
-101.446	2.278	Leg	147	895	3799	272
 -83.730	1.227	Leg	148	504	3474	2111
 -83.723	1.217	Leg	148	896	3459	469
 -12.474	40.839	Leg	149	897	5328	1699
 -12.123	40.685	Leg	149	898	5289	346
 -12.268	40.772	Leg	149	899	5302	798
 -11.604	40.683	Leg	149	900	5048	805
 -11.060	40.675	Leg	149	901	4730	247
 -72.773	38.935	Leg	150	902	822	911
 -72.817	38.938	Leg	150	903	456	3043
 -72.768	38.863	Leg	150	904	1134	576
 -72.284	38.614	Leg	150	905	2709	910
 -72.767	38.965	Leg	150	906	925	602
 -12.698	69.250	Leg	151	907	1800	224
   1.361	78.385	Leg	151	908	1284	428
   3.072	78.585	Leg	151	909	2529	1289
   6.590	80.265	Leg	151	910	567	717
   8.227	80.475	Leg	151	911	912	745
   5.456	79.959	Leg	151	912	1049	395
  -6.947	75.489	Leg	151	913	3330	873
 -39.725	63.462	Leg	152	914	536	487
 -39.782	63.471	Leg	152	915	533	209
 -39.807	63.486	Leg	152	916	512	101
 -39.828	63.492	Leg	152	917	508	874
 -38.639	63.093	Leg	152	918	1868	1704
 -37.460	62.670	Leg	152	919	2090	300
 -45.017	23.338	Leg	153	920	3339	357
 -45.031	23.541	Leg	153	921	2488	245
 -45.032	23.538	Leg	153	922	2612	52
 -45.032	23.543	Leg	153	923	2440	70
 -45.005	23.541	Leg	153	924	3174	89
 -43.489	4.204	Leg	154	925	3052	2017
 -42.908	3.719	Leg	154	926	3610	1331
 -44.481	5.463	Leg	154	927	3326	840
 -43.748	5.395	Leg	154	928	4023	960
 -43.740	5.976	Leg	154	929	4367	1775
 -47.596	5.015	Leg	155	930	3144	545
 -46.633	5.142	Leg	155	931	3474	507
 -47.029	5.211	Leg	155	932	3335	220
 -46.812	5.097	Leg	155	933	3366	254
 -47.681	5.484	Leg	155	934	3421	217
 -47.565	5.427	Leg	155	935	3486	372
 -47.736	5.632	Leg	155	936	3575	433
 -47.207	4.596	Leg	155	937	2758	273
 -47.312	4.658	Leg	155	938	2765	391
 -47.500	4.722	Leg	155	939	2800	238
 -47.529	5.143	Leg	155	940	3203	248
 -48.029	5.373	Leg	155	941	3390	263
 -49.091	5.742	Leg	155	942	3354	323
 -47.781	5.947	Leg	155	943	3739	106
 -47.757	5.939	Leg	155	944	3715	486
 -47.929	6.950	Leg	155	945	4148	75
 -47.919	6.950	Leg	155	946	4100	275
 -58.748	15.524	Leg	156	947	4880	0
 -58.732	15.525	Leg	156	948	4934	1717
 -58.714	15.537	Leg	156	949	5009	931
 -25.600	31.150	Leg	157	950	5449	381
 -24.871	32.032	Leg	157	951	5448	608
 -24.509	30.791	Leg	157	952	5443	425
 -15.145	28.650	Leg	157	953	3589	1549
 -15.532	28.437	Leg	157	954	3497	529
 -15.231	27.326	Leg	157	955	2865	599
 -16.163	27.615	Leg	157	956	3453	865
 -44.826	26.137	Leg	158	957	3643	635
 -20.001	23.999	Leg	159	958	3762	141
  -2.735	3.628	Leg	159	959	2090	2003
  -2.733	3.584	Leg	159	960	2039	811
  -3.059	3.442	Leg	159	961	3292	683
  -3.182	3.251	Leg	159	962	4636	599
  13.180	37.034	Leg	160	963	469	471
  17.750	36.261	Leg	160	964	3659	531
  32.713	33.918	Leg	160	965	1506	250
  32.701	33.797	Leg	160	966	925	880
  32.725	34.070	Leg	160	967	2552	1003
  32.752	34.332	Leg	160	968	1962	333
  24.883	33.840	Leg	160	969	2198	448
  24.795	33.736	Leg	160	970	2036	327
  24.697	33.716	Leg	160	971	2036	400
  18.725	35.780	Leg	160	972	3930	155
  18.948	35.780	Leg	160	973	3695	352
  12.142	40.356	Leg	161	974	3455	585
   4.510	38.897	Leg	161	975	2415	790
  -4.313	36.205	Leg	161	976	1107	2080
  -1.955	36.032	Leg	161	977	1984	598
  -2.057	36.231	Leg	161	978	1929	698
  -3.206	35.724	Leg	161	979	1062	580
 -12.698	69.242	Leg	162	907	1801	426
 -14.702	55.485	Leg	162	980	2169	353
 -14.651	55.477	Leg	162	981	2172	822
 -15.867	57.517	Leg	162	982	1134	1143
 -23.641	60.404	Leg	162	983	1983	766
 -24.082	61.425	Leg	162	984	1648	1240
  -6.450	66.942	Leg	162	985	2787	714
   9.078	77.341	Leg	162	986	2051	1594
 -17.937	70.497	Leg	162	987	1671	1574
 -34.871	65.704	Leg	163	988	262	32
 -39.902	63.523	Leg	163	989	459	105
 -39.780	63.473	Leg	163	990	541	342
 -75.930	32.984	Leg	164	991	2567	107
 -75.916	32.976	Leg	164	992	2586	50
 -75.895	32.963	Leg	164	993	2641	51
 -75.546	31.786	Leg	164	994	2798	1161
 -75.522	31.804	Leg	164	995	2777	1160
 -76.191	32.494	Leg	164	996	2170	183
 -75.469	31.843	Leg	164	997	2770	1184
 -82.936	19.490	Leg	165	998	3179	1542
 -78.740	12.744	Leg	165	999	2827	1632
 -79.867	16.554	Leg	165	1000	915	1249
 -74.910	15.757	Leg	165	1001	3259	1011
 -65.169	10.706	Leg	165	1002	892	516
 -79.261	24.546	Leg	166	1003	485	3140
 -79.249	24.555	Leg	166	1004	418	200
 -79.236	24.563	Leg	166	1005	351	1224
 -79.459	24.400	Leg	166	1006	657	908
 -79.322	24.504	Leg	166	1007	648	1619
 -79.084	23.611	Leg	166	1008	437	134
 -79.050	23.614	Leg	166	1009	307	226
-118.100	29.965	Leg	167	1010	3465	533
-117.610	31.280	Leg	167	1011	2021	636
-118.383	32.283	Leg	167	1012	1772	488
-118.898	32.801	Leg	167	1013	1564	322
-119.981	32.834	Leg	167	1014	1165	833
-118.819	33.715	Leg	167	1015	900	247
-122.276	34.539	Leg	167	1016	3835	696
-121.107	34.535	Leg	167	1017	955	521
-123.275	36.989	Leg	167	1018	2476	875
-124.933	41.683	Leg	167	1019	977	601
-126.434	41.008	Leg	167	1020	3039	678
-127.783	39.087	Leg	167	1021	4213	622
-125.342	40.081	Leg	167	1022	1926	654
-128.792	47.917	Leg	168	1023	2593	194
-128.750	47.907	Leg	168	1024	2612	354
-128.649	47.886	Leg	168	1025	2608	253
-127.757	47.765	Leg	168	1026	2658	644
-127.730	47.757	Leg	168	1027	2656	1219
-128.504	47.858	Leg	168	1028	2659	131
-128.376	47.832	Leg	168	1029	2653	223
-128.561	47.898	Leg	168	1030	2573	58
-128.566	47.890	Leg	168	1031	2588	42
-128.122	47.780	Leg	168	1032	2645	338
-128.681	48.434	Leg	169	856	2423	500
-128.711	48.442	Leg	169	857	2419	621
-128.709	48.456	Leg	169	858	2414	0
-123.503	48.591	Leg	169	1033	227	256
-123.500	48.633	Leg	169	1034	202	420
-128.681	48.433	Leg	169	1035	2447	1120
-128.710	48.456	Leg	169	1036	2411	145
-127.515	40.955	Leg	169	1037	3301	555
-127.493	40.999	Leg	169	1038	3228	1143
 -86.200	9.640	Leg	170	1039	4352	1268
 -86.179	9.662	Leg	170	1040	4177	1520
 -86.116	9.733	Leg	170	1041	3306	974
 -86.112	9.655	Leg	170	1042	3582	928
 -86.186	9.654	Leg	170	1043	4311	764
 -58.641	15.540	Leg	171	1044	4972	0
 -58.724	15.537	Leg	171	1045	4971	0
 -58.714	15.537	Leg	171	1046	5017	0
 -58.703	15.531	Leg	171	1047	5056	0
 -58.676	15.534	Leg	171	1048	5053	0
 -76.112	30.142	Leg	171	1049	2665	507
 -76.235	30.100	Leg	171	1050	2298	1165
 -76.358	30.053	Leg	171	1051	1981	1171
 -76.627	29.951	Leg	171	1052	1343	1145
 -76.524	29.992	Leg	171	1053	1629	365
 -76.283	33.000	Leg	172	1054	1293	405
 -76.286	32.784	Leg	172	1055	1798	405
 -76.330	32.485	Leg	172	1056	2166	441
 -76.079	32.029	Leg	172	1057	2583	341
 -75.430	31.690	Leg	172	1058	2984	474
 -75.418	31.674	Leg	172	1059	2985	286
 -74.466	30.760	Leg	172	1060	3481	426
 -73.600	29.975	Leg	172	1061	4040	725
 -74.410	28.246	Leg	172	1062	4761	1008
 -57.615	33.687	Leg	172	1063	4583	1155
 -57.077	32.545	Leg	172	1064	5568	28
 -11.295	40.724	Leg	173	1065	4770	631
 -11.587	40.682	Leg	173	1066	5021	0
 -11.596	40.682	Leg	173	1067	5020	855
 -11.612	40.683	Leg	173	1068	5043	955
 -11.777	40.727	Leg	173	1069	5074	959
 -12.724	40.796	Leg	173	1070	5321	718
 -72.817	39.253	Leg	174	1071	91	1304
 -72.740	39.331	Leg	174	1072	95	1169
 -72.324	39.246	Leg	174	1073	471	819
 -46.112	22.780	Leg	174	1074	4445	69
  10.075	-4.785	Leg	175	1075	2995	612
  11.102	-5.069	Leg	175	1076	1402	581
  10.436	-5.180	Leg	175	1077	2382	432
  13.400	-11.921	Leg	175	1078	426	499
  13.309	-11.930	Leg	175	1079	738	376
  10.820	-16.560	Leg	175	1080	2766	90
  11.319	-19.620	Leg	175	1081	793	795
  11.821	-21.094	Leg	175	1082	1280	929
  11.218	-20.895	Leg	175	1083	2179	609
  13.028	-25.514	Leg	175	1084	1992	995
  13.990	-29.374	Leg	175	1085	1713	925
  15.660	-31.553	Leg	175	1086	782	414
  15.311	-31.465	Leg	175	1087	1371	1020
  57.266	-32.723	Leg	176	735	720	1508
  13.563	-41.136	Leg	177	1088	2082	371
   9.894	-40.936	Leg	177	1089	4620	793
   8.900	-42.914	Leg	177	1090	3701	936
   5.919	-47.095	Leg	177	1091	4363	843
   7.080	-46.412	Leg	177	1092	1973	587
   5.866	-49.977	Leg	177	1093	3626	1384
   5.130	-53.180	Leg	177	1094	2807	441
 -78.488	-66.985	Leg	178	1095	3841	745
 -76.963	-67.567	Leg	178	1096	3152	1009
 -70.756	-66.393	Leg	178	1097	551	436
 -64.208	-64.862	Leg	178	1098	1011	135
 -64.315	-64.945	Leg	178	1099	1399	169
 -65.706	-63.883	Leg	178	1100	458	185
 -70.261	-64.372	Leg	178	1101	3279	217
 -65.858	-63.802	Leg	178	1102	430	36
 -65.465	-63.999	Leg	178	1103	493	362
  57.264	-32.722	Leg	179	1104	0	7
  57.278	-32.719	Leg	179	1105	0	158
  57.264	-32.722	Leg	179	1106	0	11
  88.181	-17.024	Leg	179	1107	0	493
 151.625	-9.745	Leg	180	1108	3169	501
 151.573	-9.506	Leg	180	1109	2211	1202
 151.575	-9.727	Leg	180	1110	3246	75
 151.576	-9.718	Leg	180	1111	3200	173
 151.612	-9.746	Leg	180	1112	3046	287
 151.612	-9.757	Leg	180	1113	2915	25
 151.575	-9.794	Leg	180	1114	406	352
 151.574	-9.190	Leg	180	1115	1149	1100
 151.575	-9.866	Leg	180	1116	1851	158
 151.549	-9.775	Leg	180	1117	1163	130
 151.574	-9.585	Leg	180	1118	2303	926
 172.393	-44.755	Leg	181	1119	396	656
 173.372	-50.063	Leg	181	1120	544	457
 176.998	-50.898	Leg	181	1121	4490	148
-177.394	-46.580	Leg	181	1122	4432	760
-171.499	-41.786	Leg	181	1123	3290	1279
-176.532	-39.498	Leg	181	1124	3966	648
-178.166	-42.550	Leg	181	1125	1365	755
 128.067	-33.509	Leg	182	1126	784	890
 128.481	-33.358	Leg	182	1127	479	520
 127.591	-34.391	Leg	182	1128	3874	982
 128.481	-33.293	Leg	182	1129	202	1120
 127.602	-33.420	Leg	182	1130	487	1086
 128.481	-33.326	Leg	182	1131	332	722
 127.602	-33.316	Leg	182	1132	218	897
 128.905	-33.540	Leg	182	1133	1037	214
 127.264	-33.529	Leg	182	1134	700	631
  84.273	-59.700	Leg	183	1135	1566	526
  84.835	-59.652	Leg	183	1136	1930	161
  68.094	-56.833	Leg	183	1137	1004	371
  75.975	-53.552	Leg	183	1138	1141	842
  63.937	-50.185	Leg	183	1139	1415	694
  68.492	-46.277	Leg	183	1140	2394	321
  97.128	-32.227	Leg	183	1141	1196	185
  97.126	-32.232	Leg	183	1142	1200	141
 113.285	9.362	Leg	184	1143	2772	1158
 117.419	20.053	Leg	184	1144	2037	1108
 117.631	19.584	Leg	184	1145	3175	598
 116.273	19.457	Leg	184	1146	2091	1455
 116.555	18.835	Leg	184	1147	3245	245
 116.566	18.836	Leg	184	1148	3294	1557
 156.360	18.642	Leg	185	801	5673	955
 143.363	31.335	Leg	185	1149	5830	1503
 143.332	39.182	Leg	186	1150	2680	4094
 143.334	38.751	Leg	186	1151	2177	3197
 127.007	-41.898	Leg	187	1152	5055	57
 129.815	-41.272	Leg	187	1153	5581	274
 131.317	-41.478	Leg	187	1154	5736	267
 127.994	-41.958	Leg	187	1155	4975	397
 127.888	-42.732	Leg	187	1156	4867	344
 128.885	-43.261	Leg	187	1157	5069	387
 128.828	-43.946	Leg	187	1158	5167	471
 130.000	-45.957	Leg	187	1159	4504	173
 134.998	-44.009	Leg	187	1160	4625	376
 129.051	-44.286	Leg	187	1161	5020	312
 129.188	-44.633	Leg	187	1162	5464	771
 126.908	-44.425	Leg	187	1163	4354	208
 127.747	-43.749	Leg	187	1164	4798	363
  67.219	-64.380	Leg	188	1165	3537	1686
  74.787	-67.696	Leg	188	1166	475	423
  72.284	-66.400	Leg	188	1167	1639	709
 144.413	-42.609	Leg	189	1168	2463	1282
 145.237	-47.065	Leg	189	1169	3567	246
 146.050	-47.151	Leg	189	1170	2704	1600
 149.112	-48.500	Leg	189	1171	2147	1466
 149.928	-43.959	Leg	189	1172	2621	1662
 135.025	32.244	Leg	190	1173	4790	734
 134.956	32.342	Leg	190	1174	4751	1193
 134.645	32.598	Leg	190	1175	2997	445
 134.666	32.578	Leg	190	1176	3020	449
 134.012	31.652	Leg	190	1177	4844	833
 134.480	32.731	Leg	190	1178	1741	1090
 159.963	41.080	Leg	191	1179	5565	1232
 161.451	0.943	Leg	192	1187	3803	508
 157.015	-1.177	Leg	192	1183	1804	1211
 164.233	-5.011	Leg	192	1184	1661	538
 161.668	-0.358	Leg	192	1185	3898	854
 159.844	-0.680	Leg	192	1186	2728	1034
 151.670	-3.728	Leg	193	1188	1640	745
 151.675	-3.721	Leg	193	1189	1686	497
 151.677	-3.722	Leg	193	1190	1700	36
 151.672	-3.727	Leg	193	1191	1694	20
 152.404	-20.572	Leg	194	1192	375	598
 151.792	-20.242	Leg	194	1193	348	1201
 151.983	-20.243	Leg	194	1194	373	597
 152.671	-20.405	Leg	194	1195	419	601
 152.859	-21.006	Leg	194	1196	304	937
 153.066	-21.076	Leg	194	1197	348	878
 152.733	-20.965	Leg	194	1198	319	774
 152.916	-20.978	Leg	194	1199	315	419
 146.003	13.784	Leg	195	1200	2917	502
 135.099	19.298	Leg	195	1201	5709	1320
 122.500	24.804	Leg	195	1202	1274	767
 134.945	32.354	Leg	196	808	4675	0
 135.025	32.245	Leg	196	1173	4791	931
 167.740	50.950	Leg	197	1203	2593	914
 167.773	51.194	Leg	197	1204	2370	1834
 170.378	41.333	Leg	197	1205	1309	326
 172.146	34.926	Leg	197	1206	1545	335
 162.751	37.791	Leg	198	1207	3100	879
 158.202	36.127	Leg	198	1208	3345	392
 158.506	32.652	Leg	198	1209	2387	865
 158.259	32.224	Leg	198	1210	2573	619
 157.850	32.002	Leg	198	1211	2906	467
 157.712	32.448	Leg	198	1212	2681	309
 157.298	31.578	Leg	198	1213	3882	693
 157.479	31.867	Leg	198	1214	3401	235
-147.933	26.029	Leg	199	1215	5395	158
-139.480	21.453	Leg	199	1216	5149	71
-138.100	16.867	Leg	199	1217	5342	311
-135.367	8.890	Leg	199	1218	4827	797
-142.016	7.800	Leg	199	1219	5063	408
-142.758	10.177	Leg	199	1220	5217	520
-143.694	12.033	Leg	199	1221	5174	443
-143.889	13.816	Leg	199	1222	4989	171
-155.654	22.974	Leg	200	1223	4235	41
-141.979	27.890	Leg	200	1224	4967	314
-110.571	2.771	Leg	201	1225	3760	633
 -90.818	-3.094	Leg	201	1226	3296	864
 -79.956	-8.991	Leg	201	1227	426	302
 -78.078	-11.064	Leg	201	1228	261	298
 -77.958	-10.976	Leg	201	1229	151	465
 -80.584	-9.112	Leg	201	1230	5086	446
 -81.904	-12.021	Leg	201	1231	4812	382
 -75.901	-39.891	Leg	202	1232	4072	494
 -74.450	-41.000	Leg	202	1233	838	451
 -73.682	-36.219	Leg	202	1234	1014	466
 -73.566	-36.160	Leg	202	1235	488	510
 -81.436	-21.359	Leg	202	1236	1322	497
 -76.378	-16.007	Leg	202	1237	3212	896
 -82.782	-1.872	Leg	202	1238	2202	799
 -82.081	-0.672	Leg	202	1239	1413	1031
 -86.463	0.022	Leg	202	1240	2920	613
 -86.445	5.843	Leg	202	1241	2026	932
 -83.607	7.856	Leg	202	1242	1363	770
-110.074	5.301	Leg	203	1243	3864	407
-125.120	44.586	Leg	204	1244	895	1051
-125.149	44.586	Leg	204	1245	870	1619
-125.136	44.586	Leg	204	1246	850	316
-125.151	44.578	Leg	204	1247	834	490
-125.153	44.574	Leg	204	1248	830	360
-125.147	44.570	Leg	204	1249	777	618
-125.150	44.569	Leg	204	1250	795	876
-125.074	44.570	Leg	204	1251	1210	1558
-125.093	44.586	Leg	204	1252	1039	259
 -86.191	9.648	Leg	205	1253	4376	600
 -86.179	9.662	Leg	205	1254	4179	645
 -86.186	9.655	Leg	205	1255	4311	157
 -91.934	6.736	Leg	206	1256	3634	1346
 -54.342	9.454	Leg	207	1257	2951	747
 -54.733	9.433	Leg	207	1258	3192	1393
 -54.200	9.300	Leg	207	1259	2354	1668
 -54.544	9.266	Leg	207	1260	2548	1000
 -54.317	9.049	Leg	207	1261	1899	1343
   1.577	-27.186	Leg	208	1262	4755	583
   2.780	-28.533	Leg	208	1263	2717	1261
   2.845	-28.532	Leg	208	1264	2505	566
   2.639	-28.835	Leg	208	1265	3059	1051
   2.344	-28.543	Leg	208	1266	3797	953
   1.711	-28.098	Leg	208	1267	4354	641
 -45.077	14.846	Leg	209	1268	3007	147
 -45.065	14.933	Leg	209	1269	2758	44
 -44.886	14.722	Leg	209	1270	1874	148
 -44.948	15.037	Leg	209	1271	3598	148
 -44.972	15.094	Leg	209	1272	2559	131
 -46.681	15.499	Leg	209	1273	3414	67
 -46.676	15.648	Leg	209	1274	3939	155
 -46.904	15.741	Leg	209	1275	1557	343
 -44.786	45.405	Leg	210	1276	4549	1736
 -44.377	45.197	Leg	210	1277	4628	180
