-29.7698 39.3996
-29.3350 39.3150
-29.2971 39.2554
-29.2603 39.2502
-29.1881 39.2786
-29.1472 39.2937
-29.0904 39.3232
-29.0495 39.3382
-28.9819 39.3656
-28.9505 39.3789
-28.8946 39.4120
-28.8529 39.3725
-28.7812 39.2993
-28.7454 39.2626
-28.6863 39.2144
-28.6660 39.1790
-28.6192 39.1208
-28.5665 39.1299
-28.4836 39.1558
-28.4522 39.1339
-28.4204 39.0927
-28.3955 39.0580
-28.3649 39.0204
-28.3421 38.9931
-28.2919 38.9394
-28.2155 38.9524
-28.1199 38.9685
-28.0588 38.9827
-27.9546 39.0041
-27.7933 38.9998
-27.7223 38.9416
-27.6797 38.9136
-27.6061 38.8635
-27.5588 38.8363
-27.4844 38.7824
-27.2394 38.7796
-27.2033 38.6999
-27.1743 38.6658
-27.1290 38.6070
-27.0895 38.5706
-27.0289 38.4911
-27.0068 38.4635
-26.9408 38.4003
-26.9006 38.3601
-26.8299 38.2782
-26.7180 38.4202
-26.6474 38.3576
-26.6141 38.3240
-26.5323 38.2554
-26.4943 38.2225
-26.4166 38.1493
-26.3787 38.1164
-26.3021 38.0468
-26.1714 38.0360
-26.0752 37.9655
-26.0432 37.9355
-25.9162 37.8386
-25.8081 37.8783
-25.7341 37.8159
-25.6984 37.7902
-25.6332 37.7225
-25.5384 37.8181
-25.4638 37.7517
-25.4265 37.7185
-25.3547 37.6633
-25.2671 37.7692
-25.1013 37.6463
-24.9835 37.6441
-24.9315 37.6091
-24.8915 37.5839
-24.8451 37.5519
-24.8164 37.5328
-24.7748 37.5001
-24.7332 37.4673
-24.6669 37.4110
-24.7022 37.3519
-24.7379 37.2733
-24.7495 37.2174
-24.6805 37.1267
-24.6345 37.0946
-24.5541 37.0172
-24.5002 36.9707
-24.4337 36.9105
-24.3846 36.8633
-24.3111 36.7925
-24.2554 36.7810
-24.1461 36.7885
-24.0456 36.7548
-23.5697 36.6459
-22.8933 36.7020
-22.2160 36.7543
-21.5072 36.8197
-20.7973 36.8809
-20.2403 36.9543
-19.6823 37.0251
-18.6180 37.3070
-18.1244 37.4657
-17.5843 37.5034
-16.7420 37.4354
-15.8415 37.2966
-15.3865 37.2117
-15.1427 37.0206
-14.4109 37.2101
-13.6754 37.3950
-12.9035 36.8638
-12.1424 36.3276
-11.5854 35.8512
-10.9233 36.0984
-10.4287 36.3916
-9.9769 36.6514
-9.5452 36.4296
-8.7845 36.0509
-8.0312 35.6675
-7.1926 35.2729
-6.7303 35.0633
-6.0637 34.7839
-6.0397 34.5174
-6.0002 34.2634
-5.8080 34.0191
-5.3966 33.9850
-5.0723 34.0783
-4.7056 34.0681
-4.0564 34.1993
-3.7819 35.0136
-3.7494 35.5962
-3.2959 35.8577
-2.8933 36.0184
-2.5729 36.1053
-1.9917 35.8985
-1.5162 35.7709
-0.7478 35.7757
0.0030 35.9040
0.6670 36.0723
1.2447 36.2823
1.9702 36.5026
2.3799 36.5942
3.4536 36.8509
4.2965 36.9695
5.1420 37.0821
5.9738 37.1540
6.7840 37.3219
6.7840 37.3219
7.2152 37.3203
7.8046 37.3582
8.2652 37.4675
8.6270 37.7896
8.9421 38.2117
9.2638 38.3410
9.7002 38.4698
10.0893 38.5717
10.3732 38.6850
10.3732 38.6850
10.6091 38.8209
10.8274 38.9939
11.1176 39.0672
11.3626 39.0748
11.6589 39.0327
11.7777 38.9344
12.0574 38.8781
12.4335 38.8487
12.7076 38.6004
13.3137 38.6105
13.8115 38.6250
14.1139 38.6953
14.5145 38.7653
14.5145 38.7653
15.1752 38.2924
15.4993 38.4014
15.6387 38.2993
15.5511 38.1136
15.4207 37.8857
15.3444 37.6152
15.3751 37.3401
15.3751 37.3401
15.8319 37.2743
16.2365 37.3088
16.8237 37.3985
17.1676 37.5026
17.4195 37.7008
17.6117 37.9929
17.7731 38.2855
17.8447 38.4615
18.0307 38.5162
18.0857 38.7941
18.0621 39.0063
17.9599 39.1696
17.9599 39.1696
18.3644 38.9474
18.8950 38.6942
19.5844 38.2716
20.0000 37.9075
20.0000 37.9075
20.3001 37.8039
20.3001 37.8039
20.2819 38.1148
20.4374 38.4712
21.0967 38.4389
21.5822 38.4205
22.1637 38.3553
22.7272 38.2713
22.9546 38.5990
23.2120 38.9484
23.4634 39.2869
23.7866 39.7204
24.0022 39.9178
24.5595 40.0554
24.9310 40.0922
25.4165 40.1564
25.4165 40.1564
26.0097 40.3255
26.5968 40.5532
27.2559 40.7892
27.5677 40.6400
27.9873 40.6176
28.7245 40.6679
29.0302 40.6861
30.0071 40.7682
30.7745 40.6010
31.1161 40.6149
31.4817 40.6786
32.3925 40.8601
33.4053 41.0231
34.2864 41.1587
34.8317 41.1231
35.5272 41.0018
36.1686 40.8487
37.0620 40.6003
38.0213 40.2690
38.7948 40.0091
39.2684 39.9087
39.8920 39.7025
40.4492 39.3925
41.0015 39.0799
41.0015 39.0799
41.0262 38.8487
41.2363 38.6156
41.8391 38.3551
42.2891 38.2127
42.7973 37.9905
43.1758 37.6850
43.6475 37.4066
44.0195 37.0984
44.3568 36.5716
44.5148 36.0150
44.6705 35.4581
44.8361 35.0245
45.0000 34.5906
45.0000 34.5906
45.5052 33.8933
45.9177 33.3905
46.6076 32.8874
47.4107 32.4479
47.7702 32.3111
48.1702 32.3082
48.4892 32.2374
49.0360 31.6214
49.2649 31.2117
49.4919 30.8016
49.9740 30.4532
50.4526 30.1031
51.0573 29.5780
50.9981 29.0719
51.2830 28.4873
51.9120 27.9573
52.5038 27.5611
53.2406 27.1213
53.8601 26.7173
54.7283 26.6679
55.6618 26.9471
56.4233 27.3685
56.8753 27.3007
56.9921 26.5452
57.0570 26.0485
57.1214 25.5518
57.3454 24.7884
57.8316 24.4427
58.7157 24.3633
59.6026 24.3113
60.3741 24.2315
60.8696 24.1775
61.3646 24.1220
61.9554 24.0869
62.5806 24.2830
63.3656 24.2854
64.1615 24.3498
65.0282 24.3824
65.0282 24.3824
65.4921 24.6201
65.9578 24.8564
66.5296 25.1787
67.1044 25.4987
67.2681 25.9839
67.2526 26.5184
67.2478 27.0854
67.3322 27.9115
67.3421 28.4041
67.2397 28.5731
67.2767 29.3768
67.3011 29.7948
67.8492 30.0735
68.3105 29.8780
68.6795 29.2090
69.0855 29.0959
69.8806 29.2618
70.0995 29.8402
70.1783 30.4230
70.2580 31.0057
70.1010 31.4594
69.9425 31.9130
70.4394 32.4310
70.9421 32.9471
71.3920 33.4768
71.8474 34.0048
72.4591 34.6822
72.4591 34.6822
73.0296 34.1759
73.5933 33.6669
74.3142 33.1594
75.0894 32.8806
75.6749 32.1894
75.7220 31.6333
76.5210 31.1537
77.0067 30.7376
77.6407 30.5580
78.0762 30.2261
78.4224 29.8869
78.9118 29.6776
79.1969 29.3934
79.7898 29.1428
80.2265 29.0930
80.5465 28.9750
81.0430 28.7902
81.3610 28.4135
82.2004 28.1669
82.9354 27.8815
83.6667 27.5929
84.1585 27.4519
84.6491 27.3091
85.6219 27.1704
86.2515 27.0946
86.4809 26.7372
86.8204 26.6683
87.2186 27.0220
87.7450 26.9089
88.3200 26.8850
89.2821 27.0268
89.7724 26.8472
90.3294 26.9370
91.2580 27.0075
91.7812 27.0329
92.3047 27.0564
93.2334 27.1165
93.5704 27.1098
94.1890 27.5008
94.8287 27.9182
95.4657 28.1832
96.2345 28.1349
96.7916 28.1099
97.3484 28.0826
97.3484 28.0826
97.4711 27.7024
97.3465 27.2411
97.1304 26.8202
96.9056 26.2874
96.5813 25.6469
96.3104 25.1336
96.1173 24.4801
95.9691 23.7605
95.9093 23.0150
95.9181 22.3522
95.9183 21.6810
95.9427 20.9001
96.0158 20.0399
96.2254 19.4119
96.3414 18.7048
96.4207 17.9816
96.4661 17.4351
96.4697 16.6438
96.4472 16.0034
96.4193 15.3962
96.4061 15.1355
96.4061 15.1355
96.4537 14.9093
96.4803 14.4000
96.4803 14.4000
97.3900 14.4188
98.2999 14.4340
99.2098 14.4458
99.7660 14.8381
100.2970 15.4616
100.8320 16.0838
101.1410 16.5753
101.4510 17.0663
102.0320 17.3503
102.6150 17.6327
103.1800 17.6596
103.7460 17.6848
104.3120 17.7085
104.8780 17.7305
105.8170 17.7504
106.7560 17.7659
107.6950 17.7769
108.6340 17.7835
109.5730 17.7855
110.5120 17.7831
111.0400 17.8697
111.5690 17.9548
112.0980 18.0385
112.6280 18.1207
113.3130 18.2804
114.0000 18.4377
114.0000 18.4377
113.7590 18.8630
113.5170 19.2880
113.2740 19.7126
113.0300 20.1369
112.7840 20.5609
112.5370 20.9845
112.2880 21.4078
112.0380 21.8307
111.1750 22.1652
110.3080 22.4951
109.4360 22.8203
108.5610 23.1408
107.6810 23.4564
107.1320 24.0524
106.5780 24.6464
106.0180 25.2383
105.7200 25.7969
105.4190 26.3549
105.1820 27.1169
104.9420 27.8784
105.1700 28.3343
105.3990 28.7898
106.2620 29.2543
107.1330 29.7132
108.0430 30.0049
108.9590 30.2903
109.8800 30.5693
110.8060 30.8418
111.2090 31.2517
111.6150 31.6603
111.6330 32.2519
111.6510 32.8434
112.2740 33.4649
112.9050 34.0833
113.2500 34.4690
113.5990 34.8538
114.2800 34.8426
114.9600 34.8277
115.7460 34.2128
116.5210 33.5930
117.2840 32.9684
117.7190 32.5725
118.1500 32.1751
118.5770 31.7763
119.0010 31.3760
119.7110 31.1994
120.3680 31.3919
121.0270 31.5810
121.6110 31.5571
122.1950 31.5305
122.7800 31.5022
123.3640 31.4713
123.3640 31.4713
124.0720 32.1727
124.7910 32.8701
125.5210 33.5633
126.2630 34.2521
126.2630 34.2521
126.1960 34.9364
126.1280 35.6207
126.1150 36.1691
126.1010 36.7175
125.9140 37.5413
125.7230 38.3648
125.5510 38.8240
125.3760 39.2829
125.1990 39.7415
125.0190 40.1999
124.2720 40.8675
123.5100 41.5302
122.7320 42.1878
122.2550 41.9035
121.7820 41.6173
121.3130 41.3292
120.8480 41.0392
119.8460 40.6543
118.8560 40.2608
118.2450 40.0536
117.6380 39.8433
117.0100 40.0571
116.3790 40.2675
115.8100 40.5955
115.2350 40.9206
114.3920 41.1630
113.5420 41.3993
112.9110 41.0237
112.2870 40.6446
111.4350 41.1262
110.5700 41.6014
109.6930 42.0700
109.0410 42.6365
108.1310 43.1492
107.2050 43.6546
107.0610 44.0990
106.9140 44.5432
106.7650 44.9873
106.6140 45.4311
106.4600 45.8748
106.3040 46.3182
106.1770 46.8490
106.0480 47.3797
105.9160 47.9102
105.7810 48.4406
105.5820 49.2921
105.3750 50.1433
104.9040 50.7860
104.4200 51.4267
105.0580 51.7648
105.7050 52.0994
106.3620 52.4305
107.0290 52.7578
107.7060 53.0813
108.3930 53.4009
108.6910 54.1503
109.0000 54.8989
109.3750 55.3308
109.7580 55.7616
110.9240 56.2207
112.3050 56.2954
113.6560 56.4179
115.0150 56.5256
116.3820 56.6184
117.2530 56.8021
118.1330 56.9796
119.0210 57.1509
119.9180 57.3159
120.8510 57.3021
121.7840 57.2814
122.7150 57.2538
123.6450 57.2194
124.5730 57.1781
125.4990 57.1299
126.9600 56.7741
128.3930 56.4015
129.7980 56.0127
130.7470 55.8611
131.6880 55.7022
132.6740 55.4913
133.6500 55.2726
135.1380 55.0602
136.6100 54.8299
137.9180 54.5883
139.2110 54.3328
140.1450 54.1028
141.2780 54.0742
142.4090 54.0349
142.4090 54.0349
142.1790 54.5738
141.9430 55.1123
141.7000 55.6503
141.4510 56.1878
141.5350 56.6581
141.6210 57.1283
141.7090 57.5985
141.8000 58.0686
141.8930 58.5387
141.9880 59.0087
142.0860 59.4786
142.1870 59.9484
142.9430 60.2817
143.7150 60.6107
144.5020 60.9351
145.3060 61.2549
146.1260 61.5698
146.9630 61.8797
146.4990 62.7340
146.0080 63.5867
145.4870 64.4376
144.9320 65.2865
144.9320 65.2865
144.3440 65.8035
143.7310 66.3181
142.5030 66.6537
141.2420 66.9794
140.3300 67.4472
139.3810 67.9097
138.9630 68.4765
138.5230 69.0423
137.3680 69.6349
136.7580 69.9536
135.9620 70.5295
135.5950 70.6916
134.8540 71.2683
134.0170 71.8654
133.2670 72.2815
132.4830 72.6946
131.2630 73.3715
130.2000 74.0179
129.5950 74.4788
128.9550 74.9380
128.5190 75.4945
128.0500 76.0501
127.6340 76.6425
127.1810 77.2341
126.4570 77.6844
125.6790 78.1326
125.6790 78.1326
125.1880 78.9901
123.4080 79.7593
122.6390 80.2061
121.8980 80.6434
121.0040 81.1146
119.9840 81.5953
119.1000 82.0874
117.7550 82.2981
117.1710 82.5394
116.5820 82.7402
115.7930 83.0141
115.2580 83.1508
114.5580 83.3209
113.7230 83.5124
112.8430 83.6744
111.9740 83.8238
110.9590 83.9655
109.7270 84.1097
108.9390 84.1936
107.7090 84.2946
106.7590 84.3686
105.3020 84.4855
103.9430 84.5785
102.9180 84.6639
99.4436 84.9108
98.5682 84.9604
97.2727 85.0279
95.8392 85.1018
94.1554 85.1545
92.3129 85.2292
89.9804 85.2957
88.4863 85.3456
86.8021 85.4175
84.8021 85.4998
83.1425 85.5560
81.1027 85.6388
78.4034 85.7682
76.3260 85.9167
75.0293 85.9885
72.9842 86.1063
70.9259 86.2026
68.2081 86.3058
69.7522 86.4724
66.3010 86.6065
66.5438 86.6549
62.4625 86.7548
61.5056 86.8049
58.0178 86.7875
54.5614 86.7459
50.7696 86.7060
47.5235 86.6406
46.0625 86.5982
46.3137 86.5612
43.4795 86.4958
41.7555 86.4316
38.3013 86.2915
35.6067 86.1607
33.3400 86.0534
30.9721 85.9083
29.2294 85.8101
28.1433 85.8745
27.4273 85.8674
25.3828 85.8591
23.3470 85.8174
21.3426 85.7987
19.2845 85.6842
17.8900 85.5912
16.0626 85.4855
14.6662 85.3797
13.2420 85.2814
11.7036 85.1373
10.6588 85.0670
9.8085 84.9579
8.9377 85.0094
8.1339 84.8982
6.6654 84.7622
5.1775 84.6321
4.5076 84.5702
4.0347 84.5969
3.8482 84.5611
3.0240 84.4618
2.2351 84.3435
1.3011 84.2233
0.4050 84.1017
-0.4691 83.9965
-1.2062 83.8642
-2.3626 83.6896
-3.2043 83.5703
-4.1480 83.4296
-5.1542 83.2491
-6.2343 83.0004
-7.2124 82.8685
-5.8654 82.6912
-5.0098 82.5194
-3.6999 82.3281
-3.7961 82.2903
-4.5366 82.0501
-5.0330 81.9128
-3.9091 81.6203
-4.1521 81.5521
-4.6412 81.3697
-3.4541 81.2505
-2.4141 81.1256
-2.7795 80.9929
-3.3638 80.7922
-2.9416 80.7555
-1.6839 80.6248
-2.3408 80.3704
-1.7656 80.3085
-0.9688 80.2132
-0.2507 80.1421
0.6279 80.0264
1.4866 79.9085
2.3776 79.7797
3.2959 79.6575
4.3903 79.5327
3.9007 79.2280
3.4317 79.0302
3.8571 78.9500
4.6907 78.8058
5.5921 78.6410
6.7755 78.4438
7.7848 78.2347
7.8269 78.0903
7.7712 77.9112
7.8800 77.7119
7.8090 77.4791
7.6720 77.1484
7.6223 76.9692
7.6155 76.7985
7.5630 76.6015
7.5571 76.4307
7.4804 76.2790
7.5152 76.1167
7.5929 75.9807
7.6033 75.7289
7.8416 75.5273
7.9464 75.3817
8.2122 75.1882
8.4603 75.0755
8.6304 74.9462
8.7810 74.7631
8.9840 74.5426
9.1326 74.3772
9.1526 74.2327
9.2077 74.0964
9.2029 73.9795
9.1396 73.8820
9.0369 73.7585
8.9570 73.7064
8.8380 73.6282
8.6521 73.5335
8.3858 73.4853
8.1502 73.4272
7.7912 73.3712
7.3910 73.2524
7.0707 73.2035
6.7817 73.1448
6.0551 73.0188
5.5860 72.9243
4.9696 72.8205
4.2999 72.6970
3.6094 72.5801
2.7810 72.4331
1.9906 72.3278
0.9007 72.1337
0.2811 72.0148
-0.3925 71.9105
-0.9750 71.8151
-1.7425 71.6851
-2.3989 71.5917
-2.9366 71.5002
-3.6923 71.3980
-4.0724 71.4905
-4.3604 71.4324
-4.7412 71.3332
-5.1573 71.4310
-5.6985 71.5398
-5.9171 71.4646
-6.3327 71.3872
-6.8999 71.2816
-7.3747 71.1248
-7.9412 71.2166
-9.3934 71.4561
-10.3560 71.6145
-11.3695 71.7744
-11.7138 71.5878
-12.1057 71.3958
-12.3591 71.2522
-11.8649 71.1472
-11.3563 71.0519
-11.6689 70.8763
-12.0094 70.7065
-12.2549 70.5630
-12.9046 70.6977
-13.3957 70.7716
-13.8924 70.8158
-14.0364 70.7261
-14.2367 70.5174
-14.4479 70.3539
-14.7339 70.3891
-15.0245 70.1685
-15.4245 69.8397
-15.7156 69.5499
-15.7156 69.5499
-16.0335 69.2647
-16.2627 69.0379
-16.4874 68.8084
-17.1537 68.8649
-17.3917 68.6995
-17.8291 68.3998
-18.2203 68.0662
-18.4899 67.7376
-18.7562 67.4434
-19.0988 67.0581
-18.1180 66.9337
-18.2473 66.7807
-17.4735 66.6852
-17.7178 66.3645
-16.5068 66.2030
-16.6561 65.9435
-16.8594 65.6773
-17.0250 65.3793
-17.1410 64.9952
-17.3675 64.7367
-17.8218 64.4892
-18.6261 64.1823
-19.0407 63.9849
-19.2377 63.8625
-20.0967 63.9494
-20.7313 64.0171
-21.2976 64.0672
-22.0656 63.9224
-22.5374 63.8361
-22.8720 63.7673
-23.0586 63.6498
-23.3303 63.6508
-23.4873 63.5682
-23.7405 63.4737
-24.0095 63.3551
-24.2547 63.2297
-24.5193 63.1102
-24.7207 62.9922
-24.8881 62.9238
-25.0351 62.8003
-25.1564 62.7100
-25.3112 62.6137
-25.4487 62.6200
-25.6435 62.5031
-25.8748 62.3751
-26.1072 62.2373
-26.3089 62.1050
-26.5265 61.9392
-26.7680 61.8252
-27.0316 61.6654
-27.2257 61.5320
-27.3888 61.3976
-27.5817 61.2519
-27.8545 61.0664
-28.0237 60.9563
-28.1924 60.8483
-28.4077 60.7045
-28.6416 60.5661
-28.8286 60.4186
-28.9266 60.3334
-29.0285 60.3399
-29.1180 60.2731
-29.2245 60.1678
-29.3717 60.0827
-29.3717 60.0827
-29.5075 59.9692
-29.6362 59.8678
-29.8495 59.7508
-30.0429 59.6182
-30.1630 59.5286
-30.3055 59.3897
-30.4527 59.2383
-30.6466 59.0925
-30.7911 58.9408
-30.9770 58.9759
-31.0392 58.8923
-31.1780 58.8048
-31.3031 58.6896
-31.4274 58.5743
-31.5560 58.4466
-31.7451 58.4683
-31.7996 58.3967
-31.8723 58.3402
-31.9835 58.2492
-32.1225 58.1484
-32.2805 57.9979
-32.4724 58.0062
-32.4918 57.9566
-32.6188 57.8800
-32.7082 57.7735
-32.8065 57.6422
-32.9177 57.6671
-32.9641 57.6076
-33.0104 57.5480
-33.0703 57.4512
-33.2031 57.2849
-33.3773 57.2647
-33.4966 57.2643
-33.5090 57.1625
-33.5354 57.0880
-33.5662 57.0010
-33.5871 56.8745
-33.6824 56.8715
-33.7961 56.8833
-33.9781 56.9019
-34.0035 56.8274
-34.0430 56.7799
-34.0724 56.7388
-34.2185 56.7462
-34.2474 56.6592
-34.3214 56.5766
-34.3460 56.5020
-34.4402 56.4985
-34.4604 56.4363
-34.4927 56.3368
-34.5104 56.2101
-34.5583 56.0608
-34.6203 55.9386
-34.6376 55.8119
-34.8774 55.8485
-34.9006 55.7738
-34.9717 55.6909
-35.0804 55.4835
-35.1732 55.3259
-35.2508 55.1412
-35.3386 54.9959
-35.2120 54.9707
-35.2739 54.9127
-35.2890 54.7860
-35.3651 54.6781
-35.4123 54.5161
-35.4878 54.3313
-35.3132 54.3269
-35.1210 54.3076
-35.1469 54.2204
-35.2012 54.1105
-35.2698 53.9507
-35.3272 53.8282
-35.3950 53.6684
-35.4517 53.5459
-35.2457 53.5121
-35.2565 53.4747
-35.2818 53.3875
-35.3248 53.2380
-35.1828 53.2105
-35.1837 53.1336
-35.1613 52.9901
-35.1561 52.8611
-35.1376 52.7051
-35.0107 52.7044
-34.8837 52.7036
-34.9248 52.7080
-34.5719 52.6822
-34.1745 52.6630
-33.7119 52.6477
-33.3354 52.6281
-33.0204 52.6151
-32.8570 52.5946
-32.6486 52.5810
-32.3589 52.5564
-32.0535 52.5160
-31.8660 52.5038
-31.5817 52.4649
-31.2573 52.4197
-31.2651 52.3427
-31.2527 52.2628
-31.2684 52.1089
-31.0579 52.1048
-30.8074 52.0945
-30.3764 52.0568
-30.0262 52.0297
-30.0361 51.9528
-30.0110 51.8575
-30.0060 51.7652
-30.0010 51.6205
-29.9961 51.4236
-30.0010 51.2544
-29.9765 51.1067
-29.9815 50.9898
-29.9425 50.9313
-29.9085 50.8605
-29.8746 50.7897
-29.8309 50.7435
-29.7680 50.6941
-29.6619 50.5984
-29.5368 50.4995
-29.5081 50.4686
-29.4266 50.4159
-29.3218 50.3199
-29.1982 50.2206
-29.1265 50.1954
-29.0217 50.1515
-28.9947 50.0681
-28.9868 49.9880
-28.9600 49.9047
-28.8952 49.8148
-28.8686 49.7314
-28.8181 49.6570
-28.7183 49.6528
-28.5619 49.6386
-28.5446 49.5830
-28.4861 49.4806
-28.4518 49.3693
-28.4262 49.2858
-28.3530 49.2201
-28.3174 49.1611
-28.2631 49.0987
-28.2058 48.9962
-28.1622 48.9093
-28.0868 48.8034
-28.0353 48.6885
-28.0108 48.6050
-27.8895 48.6089
-27.7602 48.5848
-27.7494 48.5169
-27.7306 48.4210
-27.7118 48.3252
-27.7036 48.2050
-27.6536 48.0900
-27.6351 47.9942
-27.6218 47.8861
-27.5905 47.7746
-27.5644 47.6508
-27.4635 47.6578
-27.4480 47.6020
-27.4429 47.5219
-27.4636 47.4731
-27.4585 47.3929
-27.4612 47.3406
-27.4741 47.2640
-27.4407 47.2047
-27.3819 47.1140
-27.3336 46.9990
-27.3466 46.9223
-27.3774 46.8491
-27.3775 46.7568
-27.4360 46.7551
-27.4437 46.6906
-27.4463 46.6383
-27.4717 46.4850
-27.4868 46.3560
-27.4893 46.3037
-27.5120 46.2027
-27.5649 46.2131
-27.5723 46.1486
-27.5847 46.0719
-27.6020 45.9830
-27.6773 45.9846
-27.6971 45.9358
-27.6994 45.8835
-27.7394 45.8782
-27.7592 45.8293
-27.7734 45.7003
-27.7952 45.5992
-27.8246 45.5259
-27.8770 45.5362
-27.8644 45.5206
-27.8616 45.4805
-27.8714 45.4561
-27.9236 45.4663
-27.9382 45.4296
-27.9354 45.3896
-27.9374 45.3373
-27.9721 45.3441
-27.9790 45.2796
-27.9857 45.2151
-27.9877 45.1628
-27.9945 45.0983
-28.0763 45.1274
-28.1002 45.0663
-28.1146 45.0296
-28.1385 44.9685
-28.1575 44.9196
-28.1057 44.9094
-28.1421 44.8639
-28.1438 44.8116
-28.1676 44.7505
-28.2150 44.6281
-28.2574 44.5180
-28.2825 44.4046
-28.3200 44.3067
-28.3666 44.1843
-28.4349 44.1976
-28.4364 44.1453
-28.4549 44.0963
-28.4827 44.0229
-28.4809 43.9305
-28.5131 43.8448
-28.5237 43.7680
-28.7964 43.7684
-28.8405 43.6981
-28.8845 43.6278
-28.9339 43.4929
-29.0079 43.3890
-29.0914 43.2082
-29.1736 43.0796
-29.3168 43.0807
-29.3175 43.0284
-29.3268 42.9515
-29.3492 42.8378
-29.3715 42.7240
-29.3214 42.7145
-29.3177 42.6744
-29.3394 42.6130
-29.3696 42.5271
-29.3918 42.4133
-29.4347 42.2905
-29.2226 42.2891
-29.2233 42.2368
-29.2449 42.1754
-29.2420 42.0831
-29.2606 41.9294
-29.1616 41.9101
-29.2003 41.7997
-29.2060 41.6828
-29.2452 41.5200
-29.2920 41.3849
-29.3223 41.2467
-29.2286 41.2153
-29.2420 41.1261
-29.2560 40.9847
-29.2777 40.8710
-29.2999 40.7050
-29.3460 40.5699
-29.5605 40.5987
-29.5770 40.5495
-29.5695 40.4695
-29.5984 40.3835
-29.6313 40.2851
-29.6398 40.2082
-29.6565 40.1068
-29.5881 40.1065
-29.5802 40.0788
-29.6127 40.0328
-29.6089 39.9928
-29.7698 39.3996
-29.7698 39.3996
